# Time-averaged data for fix rdfave
# TimeStep Number-of-rows
# Row c_myrdf[1] c_myrdf[2] c_myrdf[3]
500000 500
1 0.18 0.000217447 0.950445
2 0.54 0.000553197 3.36842
3 0.9 0.000665599 6.27768
4 1.26 0.000571563 8.77591
5 1.62 0.000384115 10.4548
6 1.98 0.000209272 11.3695
7 2.34 9.40426e-05 11.7805
8 2.7 3.52578e-05 11.9346
9 3.06 1.13115e-05 11.984
10 3.42 5.66682e-06 12.0088
11 3.78 2.28171e-05 12.1085
12 4.14 0.000111758 12.597
13 4.5 0.00033879 14.0778
14 4.86 0.000614399 16.7633
15 5.22 0.00066119 19.6533
16 5.58 0.000418412 21.4821
17 5.94 0.000154886 22.1591
18 6.3 3.33937e-05 22.3051
19 6.66 4.18672e-06 22.3234
20 7.02 3.79234e-07 22.325
21 7.38 5.62728e-07 22.3275
22 7.74 3.08772e-06 22.341
23 8.1 1.35163e-05 22.4
24 8.46 4.65449e-05 22.6035
25 8.82 0.000125208 23.1507
26 9.18 0.000262182 24.2967
27 9.54 0.000427964 26.1673
28 9.9 0.000542455 28.5383
29 10.26 0.000533625 30.8707
30 10.62 0.000409441 32.6603
31 10.98 0.000254749 33.7738
32 11.34 0.000155659 34.4541
33 11.7 0.000166113 35.1802
34 12.06 0.0003857 36.866
35 12.42 0.00107219 41.5523
36 12.78 0.00229237 51.572
37 13.14 0.00322543 65.6699
38 13.5 0.00306744 79.0773
39 13.86 0.00242822 89.6907
40 14.22 0.00230385 99.7605
41 14.58 0.00277457 111.888
42 14.94 0.00324825 126.086
43 15.3 0.00359315 141.791
44 15.66 0.00384434 158.594
45 16.02 0.0034256 173.567
46 16.38 0.00300024 186.68
47 16.74 0.00344142 201.722
48 17.1 0.0037843 218.263
49 17.46 0.00337595 233.019
50 17.82 0.00291561 245.762
51 18.18 0.00281727 258.076
52 18.54 0.00302379 271.293
53 18.9 0.00344473 286.349
54 19.26 0.00369401 302.495
55 19.62 0.00337345 317.24
56 19.98 0.00277336 329.362
57 20.34 0.00229874 339.41
58 20.7 0.00182947 347.406
59 21.06 0.00125931 352.91
60 21.42 0.000771246 356.281
61 21.78 0.000491818 358.431
62 22.14 0.00036812 360.04
63 22.5 0.000306509 361.38
64 22.86 0.000260277 362.517
65 23.22 0.000239111 363.562
66 23.58 0.000327168 364.992
67 23.94 0.000716846 368.126
68 24.3 0.00164841 375.33
69 24.66 0.0031216 388.975
70 25.02 0.00462099 409.172
71 25.38 0.00553264 433.355
72 25.74 0.00565676 458.08
73 26.1 0.00523501 480.961
74 26.46 0.00472927 501.632
75 26.82 0.0042271 520.108
76 27.18 0.00378163 536.637
77 27.54 0.00364437 552.566
78 27.9 0.00392732 569.732
79 28.26 0.00472092 590.366
80 28.62 0.0058951 616.133
81 28.98 0.00732601 648.154
82 29.34 0.00910357 687.944
83 29.7 0.010572 734.153
84 30.06 0.0106054 780.508
85 30.42 0.0093273 821.277
86 30.78 0.00802566 856.356
87 31.14 0.00732738 888.383
88 31.5 0.00668194 917.588
89 31.86 0.00563845 942.233
90 32.22 0.0045634 962.179
91 32.58 0.0039702 979.532
92 32.94 0.00396704 996.872
93 33.3 0.00438994 1016.06
94 33.66 0.00494503 1037.67
95 34.02 0.00531621 1060.91
96 34.38 0.00544719 1084.72
97 34.74 0.0055481 1108.97
98 35.1 0.00557324 1133.33
99 35.46 0.00514651 1155.82
100 35.82 0.00429657 1174.6
101 36.18 0.00363617 1190.5
102 36.54 0.00352498 1205.9
103 36.9 0.00355647 1221.45
104 37.26 0.00324755 1235.64
105 37.62 0.00276658 1247.74
106 37.98 0.00244115 1258.41
107 38.34 0.00222061 1268.11
108 38.7 0.00202552 1276.96
109 39.06 0.00203997 1285.88
110 39.42 0.0024478 1296.58
111 39.78 0.0031731 1310.45
112 40.14 0.00402206 1328.03
113 40.5 0.00502025 1349.97
114 40.86 0.00638697 1377.89
115 41.22 0.00782869 1412.11
116 41.58 0.00832471 1448.49
117 41.94 0.00743117 1480.97
118 42.3 0.00609404 1507.61
119 42.66 0.00536927 1531.08
120 43.02 0.00528626 1554.18
121 43.38 0.00534285 1577.54
122 43.74 0.00528825 1600.65
123 44.1 0.00507836 1622.85
124 44.46 0.00470951 1643.43
125 44.82 0.00440523 1662.69
126 45.18 0.00459141 1682.75
127 45.54 0.00544172 1706.54
128 45.9 0.00649835 1734.94
129 46.26 0.00707689 1765.88
130 46.62 0.00720728 1797.38
131 46.98 0.00764452 1830.79
132 47.34 0.0086688 1868.68
133 47.7 0.00942657 1909.88
134 48.06 0.00915493 1949.9
135 48.42 0.00840391 1986.63
136 48.78 0.00828791 2022.86
137 49.14 0.00914694 2062.84
138 49.5 0.0102328 2107.56
139 49.86 0.0103724 2152.9
140 50.22 0.009104 2192.69
141 50.58 0.0071969 2224.15
142 50.94 0.00569177 2249.02
143 51.3 0.00479588 2269.99
144 51.66 0.00402666 2287.59
145 52.02 0.00309037 2301.09
146 52.38 0.0022387 2310.88
147 52.74 0.00188788 2319.13
148 53.1 0.00221551 2328.81
149 53.46 0.00329206 2343.2
150 53.82 0.00522594 2366.05
151 54.18 0.00768436 2399.63
152 54.54 0.00952676 2441.27
153 54.9 0.00975851 2483.93
154 55.26 0.00875208 2522.18
155 55.62 0.00776094 2556.1
156 55.98 0.00743175 2588.59
157 56.34 0.00748545 2621.3
158 56.7 0.00740975 2653.69
159 57.06 0.00694508 2684.05
160 57.42 0.00614308 2710.9
161 57.78 0.00535615 2734.31
162 58.14 0.00510645 2756.63
163 58.5 0.00571159 2781.59
164 58.86 0.00704741 2812.39
165 59.22 0.00877116 2850.73
166 59.58 0.0106703 2897.37
167 59.94 0.0126087 2952.48
168 60.3 0.0142544 3014.79
169 60.66 0.0150717 3080.66
170 61.02 0.0146625 3144.75
171 61.38 0.0130822 3201.93
172 61.74 0.0108203 3249.23
173 62.1 0.0085395 3286.55
174 62.46 0.00688003 3316.62
175 62.82 0.00623766 3343.89
176 63.18 0.00663313 3372.88
177 63.54 0.007799 3406.97
178 63.9 0.00932856 3447.74
179 64.26 0.0107187 3494.59
180 64.62 0.0114141 3544.48
181 64.98 0.0111391 3593.17
182 65.34 0.0100786 3637.22
183 65.7 0.00861196 3674.86
184 66.06 0.00700664 3705.49
185 66.42 0.00550256 3729.54
186 66.78 0.00437614 3748.66
187 67.14 0.00381287 3765.33
188 67.5 0.0037906 3781.9
189 67.86 0.00409725 3799.81
190 68.22 0.00442616 3819.15
191 68.58 0.00449472 3838.8
192 68.94 0.00419821 3857.15
193 69.3 0.00371878 3873.4
194 69.66 0.00343758 3888.43
195 70.02 0.00370328 3904.61
196 70.38 0.0046135 3924.78
197 70.74 0.00592964 3950.7
198 71.1 0.00718818 3982.11
199 71.46 0.00807037 4017.39
200 71.82 0.0086677 4055.27
201 72.18 0.00927173 4095.8
202 72.54 0.0099485 4139.28
203 72.9 0.0104954 4185.16
204 73.26 0.0106769 4231.83
205 73.62 0.0104012 4277.29
206 73.98 0.00980314 4320.14
207 74.34 0.00922474 4360.46
208 74.7 0.00900211 4399.8
209 75.06 0.00926849 4440.31
210 75.42 0.00989985 4483.58
211 75.78 0.0106231 4530.02
212 76.14 0.0111894 4578.92
213 76.5 0.011536 4629.35
214 76.86 0.0116841 4680.42
215 77.22 0.0116087 4731.16
216 77.58 0.0112777 4780.45
217 77.94 0.0107956 4827.64
218 78.3 0.0103084 4872.69
219 78.66 0.00982343 4915.63
220 79.02 0.00924605 4956.04
221 79.38 0.00860987 4993.67
222 79.74 0.008074 5028.97
223 80.1 0.00769016 5062.58
224 80.46 0.00731319 5094.54
225 80.82 0.00682117 5124.36
226 81.18 0.00633327 5152.04
227 81.54 0.0061503 5178.92
228 81.9 0.00645514 5207.14
229 82.26 0.00708749 5238.11
230 82.62 0.00765773 5271.58
231 82.98 0.00791805 5306.19
232 83.34 0.00795938 5340.98
233 83.7 0.00794515 5375.71
234 84.06 0.00777446 5409.69
235 84.42 0.00719555 5441.14
236 84.78 0.0062077 5468.28
237 85.14 0.00506705 5490.42
238 85.5 0.00395643 5507.72
239 85.86 0.00288295 5520.32
240 86.22 0.0019108 5528.67
241 86.58 0.00122963 5534.04
242 86.94 0.00100998 5538.46
243 87.3 0.00132682 5544.26
244 87.66 0.00228195 5554.23
245 88.02 0.00415284 5572.38
246 88.38 0.00739368 5604.7
247 88.74 0.012387 5658.84
248 89.1 0.018866 5741.3
249 89.46 0.0253949 5852.3
250 89.82 0.0296759 5982.01
251 90.18 0.0299827 6113.06
252 90.54 0.0265546 6229.13
253 90.9 0.0213595 6322.49
254 91.26 0.0164645 6394.45
255 91.62 0.012779 6450.3
256 91.98 0.0101737 6494.77
257 92.34 0.00821721 6530.69
258 92.7 0.00663788 6559.7
259 93.06 0.00533053 6583
260 93.42 0.00425809 6601.61
261 93.78 0.00342376 6616.58
262 94.14 0.00286492 6629.1
263 94.5 0.00265212 6640.69
264 94.86 0.00284484 6653.12
265 95.22 0.00342544 6668.1
266 95.58 0.00425811 6686.71
267 95.94 0.00516262 6709.27
268 96.3 0.00601128 6735.55
269 96.66 0.00669746 6764.82
270 97.02 0.00705012 6795.64
271 97.38 0.00690756 6825.83
272 97.74 0.00631783 6853.44
273 98.1 0.00559214 6877.89
274 98.46 0.00512585 6900.29
275 98.82 0.00512552 6922.69
276 99.18 0.00553805 6946.9
277 99.54 0.00615799 6973.81
278 99.9 0.00678174 7003.46
279 100.26 0.00730963 7035.41
280 100.62 0.00771723 7069.14
281 100.98 0.00805753 7104.36
282 101.34 0.00845828 7141.33
283 101.7 0.00906526 7180.95
284 102.06 0.00987815 7224.12
285 102.42 0.0106855 7270.83
286 102.78 0.0112883 7320.17
287 103.14 0.0116805 7371.22
288 103.5 0.0119921 7423.64
289 103.86 0.0122565 7477.21
290 104.22 0.0123254 7531.08
291 104.58 0.0119947 7583.51
292 104.94 0.011233 7632.61
293 105.3 0.0102819 7677.55
294 105.66 0.00955053 7719.29
295 106.02 0.00937167 7760.26
296 106.38 0.00975842 7802.91
297 106.74 0.0103696 7848.23
298 107.1 0.0107364 7895.16
299 107.46 0.0106034 7941.51
300 107.82 0.0100763 7985.55
301 108.18 0.00945297 8026.87
302 108.54 0.00891649 8065.84
303 108.9 0.00842934 8102.68
304 109.26 0.00784357 8136.97
305 109.62 0.007095 8167.98
306 109.98 0.00628678 8195.46
307 110.34 0.00563249 8220.07
308 110.7 0.00531332 8243.3
309 111.06 0.00533861 8266.63
310 111.42 0.00552833 8290.8
311 111.78 0.0056399 8315.45
312 112.14 0.00552725 8339.61
313 112.5 0.00524641 8362.54
314 112.86 0.00501162 8384.44
315 113.22 0.00508016 8406.65
316 113.58 0.00560778 8431.16
317 113.94 0.0065744 8459.89
318 114.3 0.00778194 8493.91
319 114.66 0.00891475 8532.87
320 115.02 0.00964569 8575.03
321 115.38 0.00978648 8617.81
322 115.74 0.00939356 8658.87
323 116.1 0.00873574 8697.05
324 116.46 0.00814207 8732.64
325 116.82 0.00786111 8767
326 117.18 0.00802607 8802.08
327 117.54 0.00866763 8839.96
328 117.9 0.00969316 8882.33
329 118.26 0.0108885 8929.92
330 118.62 0.0119544 8982.17
331 118.98 0.0126175 9037.32
332 119.34 0.0127293 9092.96
333 119.7 0.0122974 9146.71
334 120.06 0.01144 9196.71
335 120.42 0.0103274 9241.85
336 120.78 0.00912569 9281.74
337 121.14 0.00797919 9316.62
338 121.5 0.00699919 9347.21
339 121.86 0.00624117 9374.49
340 122.22 0.00569416 9399.38
341 122.58 0.00529662 9422.53
342 122.94 0.00500317 9444.39
343 123.3 0.00482138 9465.47
344 123.66 0.00482642 9486.56
345 124.02 0.00511224 9508.91
346 124.38 0.00569655 9533.81
347 124.74 0.00641012 9561.83
348 125.1 0.00689709 9591.97
349 125.46 0.00679722 9621.68
350 125.82 0.00601957 9647.99
351 126.18 0.00482087 9669.06
352 126.54 0.00361478 9684.86
353 126.9 0.00272131 9696.76
354 127.26 0.00227079 9706.68
355 127.62 0.00226217 9716.57
356 127.98 0.00265023 9728.15
357 128.34 0.00338131 9742.93
358 128.7 0.00441504 9762.23
359 129.06 0.00569547 9787.12
360 129.42 0.00708883 9818.11
361 129.78 0.00834843 9854.6
362 130.14 0.00920809 9894.85
363 130.5 0.00956082 9936.64
364 130.86 0.00956229 9978.43
365 131.22 0.00950638 10020
366 131.58 0.00960775 10062
367 131.94 0.00983621 10105
368 132.3 0.00997349 10148.6
369 132.66 0.00978021 10191.3
370 133.02 0.00916483 10231.4
371 133.38 0.00820833 10267.2
372 133.74 0.0071119 10298.3
373 134.1 0.00612663 10325.1
374 134.46 0.0054654 10349
375 134.82 0.00523332 10371.9
376 135.18 0.00537876 10395.4
377 135.54 0.00574605 10420.5
378 135.9 0.00617306 10447.5
379 136.26 0.00657264 10476.2
380 136.62 0.00694224 10506.5
381 136.98 0.00730886 10538.5
382 137.34 0.00767839 10572.1
383 137.7 0.00798665 10607
384 138.06 0.00807654 10642.3
385 138.42 0.00776963 10676.2
386 138.78 0.00699312 10706.8
387 139.14 0.0058837 10732.5
388 139.5 0.00471285 10753.1
389 139.86 0.00373391 10769.4
390 140.22 0.00306463 10782.8
391 140.58 0.00268538 10794.6
392 140.94 0.00249877 10805.5
393 141.3 0.00240316 10816
394 141.66 0.0023405 10826.2
395 142.02 0.00230772 10836.3
396 142.38 0.00234661 10846.6
397 142.74 0.00251034 10857.5
398 143.1 0.00283664 10869.9
399 143.46 0.00332765 10884.5
400 143.82 0.00395354 10901.8
401 144.18 0.00463292 10922
402 144.54 0.00525686 10945
403 144.9 0.00571272 10970
404 145.26 0.00591885 10995.8
405 145.62 0.00584738 11021.4
406 145.98 0.00553455 11045.6
407 146.34 0.00509712 11067.9
408 146.7 0.00471539 11088.5
409 147.06 0.00458923 11108.5
410 147.42 0.00483752 11129.7
411 147.78 0.00543978 11153.4
412 148.14 0.00624865 11180.8
413 148.5 0.00707697 11211.7
414 148.86 0.007796 11245.8
415 149.22 0.0083367 11282.2
416 149.58 0.00862953 11319.9
417 149.94 0.00855678 11357.3
418 150.3 0.00801013 11392.3
419 150.66 0.00701021 11423
420 151.02 0.00574502 11448.1
421 151.38 0.00450227 11467.8
422 151.74 0.00354043 11483.2
423 152.1 0.00301124 11496.4
424 152.46 0.00293825 11509.2
425 152.82 0.00324317 11523.4
426 153.18 0.00377032 11539.9
427 153.54 0.00431252 11558.7
428 153.9 0.00465385 11579.1
429 154.26 0.00463459 11599.3
430 154.62 0.00421236 11617.8
431 154.98 0.0034859 11633
432 155.34 0.00264328 11644.5
433 155.7 0.00187155 11652.7
434 156.06 0.00130136 11658.4
435 156.42 0.000974427 11662.7
436 156.78 0.000864149 11666.4
437 157.14 0.000906499 11670.4
438 157.5 0.00103 11674.9
439 157.86 0.00118269 11680.1
440 158.22 0.00134845 11686
441 158.58 0.00154705 11692.7
442 158.94 0.00181924 11700.7
443 159.3 0.00219042 11710.3
444 159.66 0.00264137 11721.8
445 160.02 0.00309877 11735.4
446 160.38 0.00346536 11750.5
447 160.74 0.00368275 11766.6
448 161.1 0.00377185 11783.1
449 161.46 0.00381165 11799.7
450 161.82 0.00387063 11816.7
451 162.18 0.00395277 11833.9
452 162.54 0.00400444 11851.4
453 162.9 0.00397628 11868.8
454 163.26 0.00387847 11885.8
455 163.62 0.00376502 11902.2
456 163.98 0.00367995 11918.3
457 164.34 0.00362358 11934.2
458 164.7 0.00357026 11949.8
459 165.06 0.00349432 11965
460 165.42 0.003382 11979.8
461 165.78 0.00322417 11993.9
462 166.14 0.00300529 12007
463 166.5 0.0027078 12018.9
464 166.86 0.00232459 12029
465 167.22 0.00188305 12037.3
466 167.58 0.00143554 12043.5
467 167.94 0.00105227 12048.1
468 168.3 0.000778924 12051.5
469 168.66 0.000626812 12054.3
470 169.02 0.000572452 12056.8
471 169.38 0.00057655 12059.3
472 169.74 0.000597404 12061.9
473 170.1 0.000605959 12064.6
474 170.46 0.000584412 12067.1
475 170.82 0.000529884 12069.4
476 171.18 0.000449331 12071.4
477 171.54 0.000355601 12073
478 171.9 0.000264004 12074.1
479 172.26 0.000187282 12074.9
480 172.62 0.000136614 12075.5
481 172.98 0.00011917 12076
482 173.34 0.000138792 12076.7
483 173.7 0.000192268 12077.5
484 174.06 0.000265345 12078.7
485 174.42 0.000334786 12080.1
486 174.78 0.000376629 12081.8
487 175.14 0.000378271 12083.4
488 175.5 0.000348786 12084.9
489 175.86 0.000312781 12086.3
490 176.22 0.000301312 12087.6
491 176.58 0.000340488 12089.1
492 176.94 0.000449992 12091.1
493 177.3 0.000647178 12093.9
494 177.66 0.000948063 12098.1
495 178.02 0.00135492 12104
496 178.38 0.00181529 12111.9
497 178.74 0.0021803 12121.4
498 179.1 0.00220865 12131.1
499 179.46 0.00169219 12138.5
500 179.82 0.000639569 12141.3
