nep4_zbl 2 B N 
zbl 1.25 2.5
cutoff 6 4 164 50
n_max 4 4
basis_size 8 8
l_max 4 2 0
ANN 50 0
  9.5430173e-02
 -3.5026148e-03
  6.3372746e-02
  5.4153994e-02
 -3.8636006e-02
 -1.0366229e-02
  3.2413509e-02
  5.3649824e-02
  9.0057842e-02
  5.8998736e-03
  1.8992139e-01
 -2.5795808e-02
 -6.0736936e-02
  1.6864231e-02
 -5.4596320e-02
 -2.7901080e-01
  6.2200136e-02
 -1.6919866e-02
 -1.0017192e-01
  8.1059530e-02
 -4.0097439e-01
  1.3428472e-01
  1.0641098e-01
  3.9191611e-02
  1.3436176e-01
  7.3969434e-03
 -3.4350839e-03
  2.6908804e-02
  5.0217833e-02
 -4.3369431e-02
  2.8624493e-01
 -3.5978091e+00
 -1.4725913e+00
 -9.9263906e-01
 -1.4813730e-01
  3.1700993e-01
 -5.5659199e-01
 -1.0366558e-01
 -5.3623474e-01
 -1.1518499e+00
  1.1887405e+00
 -1.2248212e-01
  4.3788254e-01
  1.3610146e+00
  4.8229170e-01
 -4.2800355e-01
 -1.9849679e+00
  2.3999798e+00
 -5.0345278e-01
  1.4909105e+00
  7.6143616e-01
 -1.2112235e-01
 -1.2699430e-01
  3.1982434e-01
 -6.8113679e-01
  5.5715949e-03
 -9.5795915e-02
  1.6454108e-01
 -1.4610772e-01
 -2.5652413e+00
 -2.9979192e-02
 -1.7092767e-01
  6.7687340e-02
 -3.2460291e-02
  4.3447882e-02
  2.1565199e-01
 -1.5577272e-01
 -1.9072889e-03
 -1.2392790e-02
  8.1241079e-02
 -4.7364429e-02
  9.1189938e-03
 -3.4743197e-02
  3.1997981e-03
  4.4266168e-02
 -2.8210914e-02
  5.3594332e-02
 -4.9646743e-02
 -1.7488189e-02
 -4.3717369e-02
 -8.6737974e-03
 -5.2797236e-02
  6.7609735e-02
  1.0883930e-03
 -9.3436152e-02
  1.6500510e-02
  2.5793326e-03
  3.5972057e-03
 -2.0440005e-02
  7.8976482e-02
  7.2724484e-02
  1.1602110e-02
  2.5950393e-03
 -7.2064800e-03
 -7.9880178e-04
  9.3761897e-03
 -6.8063743e-02
  3.1615674e-02
  1.1650507e-03
  4.6118014e-02
 -3.1530741e-03
 -1.4368783e-01
  3.8271748e-02
 -4.3167486e-03
 -3.6034916e-02
  1.9310046e-02
 -4.7709965e-04
 -2.2663176e-02
 -2.4885673e-02
  8.1648165e-03
  2.1591462e-02
  1.4206479e-01
  1.2330486e-02
  7.9717770e-02
 -1.8118739e-02
  4.6218452e-01
  1.6295807e-02
 -1.0636480e+00
  1.9240977e-02
 -4.4272821e-02
 -4.3888748e-01
  6.5186530e-01
 -3.0999631e-01
  1.3876323e-02
 -1.2152960e-01
 -9.1982079e-01
  1.2738352e+00
 -7.2291172e-01
  6.1841959e-01
  1.6268022e-01
 -3.0330746e-03
  7.5839382e-01
  7.3041880e-01
  1.8015645e+00
 -2.0624423e-01
  2.9701215e-01
 -1.8171369e+00
  1.1436865e+00
  9.1174704e-01
 -8.7091392e-03
  2.5667870e+00
 -1.5854253e+00
 -7.5203216e-01
  3.7422579e-02
 -2.3528127e-01
  3.8049068e-02
 -1.7196681e+00
 -2.4067053e-01
  1.0505605e-02
 -2.6145008e-01
 -2.9740471e-03
 -2.8364739e-01
  4.2727402e-01
  1.1325216e-01
  4.4143600e-03
 -2.6813108e-01
 -1.4878621e-03
  7.4802861e-03
  1.2711503e-01
 -2.2013384e-01
 -1.0444281e+00
  5.7600725e-01
  2.0860688e-01
  1.1643073e-01
  4.6340384e-02
  2.5906803e-02
 -2.0383081e-01
 -5.9066739e-02
 -1.7561406e-01
  8.1346714e-01
 -1.3482552e-02
  7.1998316e-01
  7.0103347e-02
  5.6410305e-02
  1.9549504e-02
 -7.1902834e-03
 -4.9949676e-02
  5.0794476e-01
  6.6455491e-02
  4.1129128e-03
 -5.7423703e-04
 -1.2932944e-01
  2.4492465e-02
 -2.4486015e+00
  1.2920402e-01
 -8.3856560e-02
  2.4635873e-03
  6.0743719e-01
  6.7615956e-01
 -1.0871037e-01
  5.0106910e-03
 -3.7764776e-03
 -9.5289089e-03
  1.6732655e-02
 -4.8111547e-03
  2.0832592e-01
 -5.1401197e-03
  7.4912041e-02
 -2.6213031e-02
 -2.0355087e-02
 -3.4425970e-02
  2.3148254e-02
 -2.8147215e-02
  5.1500043e-04
  2.7885318e-01
 -3.6950342e-02
  6.6183321e-02
 -3.5337981e-02
  2.6316028e-02
  4.1805632e-02
 -2.5786650e-01
 -1.5344922e-01
 -9.0511171e-03
 -5.5925444e-02
 -1.5081804e-01
  2.9121710e-02
 -1.2029386e-02
  2.2981845e-02
  2.2575637e-02
 -1.8661523e-03
  9.4639407e-03
  1.0319228e-02
 -4.4517018e-02
 -1.7392260e-03
 -2.8830332e-01
 -6.2425923e-02
  4.5514785e-02
  8.2070112e-02
  3.9091986e-02
 -2.2167046e-02
  7.0801608e-02
  2.9992370e-02
 -3.5603416e-01
  8.8300693e-01
 -5.5551350e-01
  7.5403199e-02
 -5.2237589e-02
 -1.4773929e-01
  1.2050149e-01
  5.5834439e-02
 -7.8460014e-01
 -1.4390751e+00
  1.6925654e+00
 -2.3643358e+00
 -1.5885996e+00
  8.9252114e-02
 -1.2352718e-01
  5.0466704e-01
 -2.4357579e+00
 -1.7664273e+00
 -1.1964361e-01
 -1.0585719e+00
 -7.7877867e-01
  8.5621759e-02
  7.2423726e-01
  1.2169844e-02
  2.2923200e+00
  6.3379234e-01
  4.7760788e-02
  1.0807519e-01
 -1.4836557e-01
  1.2487334e+00
  2.2194250e+00
  1.0108663e+00
 -6.4513254e-01
  6.1714700e-03
 -1.4950397e-02
 -1.1926225e-02
 -5.4833866e-03
  5.1065850e-01
  4.6616715e-01
 -1.4021127e-02
 -2.7505599e-02
  4.2030392e+00
 -8.8424820e-01
  5.6769145e-01
  4.7529283e-01
  2.8727147e-01
 -1.4148989e+00
 -1.9603143e+00
 -1.4328991e-01
 -6.5489334e-01
  9.1345006e-01
 -1.1766481e+00
 -2.4505317e+00
  9.7634453e-01
 -6.3969427e-01
  9.1193914e-01
 -1.9007017e-01
 -2.9207060e+00
  5.7624210e-02
 -8.6037380e-01
  8.2156831e-01
 -2.6576805e-01
 -5.4186720e-01
  8.3984119e-01
 -6.4716965e-01
 -2.5056250e+00
 -6.8941638e-02
 -1.5133073e+00
 -2.6543293e+00
  4.0285054e-01
  1.9364950e-01
  3.1207483e-02
  2.5178695e+00
  1.6281986e-01
 -4.5578417e-01
 -8.8992679e-01
 -1.3493302e-01
  1.6238002e-01
 -2.0685062e-02
  2.1149603e-01
 -3.1803496e-02
  1.5445642e-01
  2.4210179e-01
 -1.9268159e+00
  1.3416928e+00
  1.1495001e+00
  2.2790832e-02
 -1.4976588e-01
 -1.7858729e-01
  5.7124547e-03
  1.0649496e+00
 -3.1562448e-01
 -4.5116853e-02
 -9.1818072e-02
 -9.4973244e-02
 -7.4735843e-03
 -4.7167587e-01
 -2.9003086e-02
 -7.8014135e-01
 -2.4240611e-01
  4.7722927e-01
 -8.2467288e-02
 -2.0543311e+00
 -4.2824486e-01
  1.1907230e-01
 -8.6165160e-01
  1.0382698e+00
 -1.8281473e-01
  5.8728236e-01
  4.6006137e-01
  5.5593479e-01
  2.2115431e+00
 -3.5954544e-01
  9.3496096e-01
 -2.3129408e+00
  7.0718151e-01
  2.8362818e-04
  2.1903338e-01
 -3.2130785e-02
  3.3031932e-01
 -7.6016378e-01
  6.0740467e-02
 -4.8409492e-01
  1.6236462e-01
  1.0166082e-02
 -4.0458813e-02
  1.2130926e+00
  3.4937114e-01
 -2.5540910e+00
  3.5713246e+00
 -6.0996169e-01
 -5.9133017e-01
  9.4950730e-01
  2.0137489e-01
 -5.4109168e-01
 -4.7067428e-01
 -3.4592411e-01
  1.0352294e+00
 -3.8621169e-01
 -6.9895887e-01
 -6.0178585e-02
 -2.8412238e-02
 -1.7759517e-02
 -1.8728870e-01
 -3.2557747e-01
 -2.6373070e-02
 -9.1239148e-01
  1.5725781e-01
  9.4745494e-02
 -2.3669884e-01
  1.2867956e-01
 -2.9268525e+00
  1.3801470e-01
  6.3892022e-02
  3.3843893e-01
  8.0613561e-02
 -1.3103374e-02
 -1.1593741e-01
  8.5368931e-01
 -9.4578385e-01
  8.0150551e-01
  2.9678879e+00
 -1.8836637e+00
  8.4453446e-01
 -7.5522101e-01
 -2.4617636e+00
 -6.9732046e-01
 -3.1069794e+00
  1.0996779e+00
  1.1184534e+00
 -1.9791083e+00
 -2.1210654e-01
 -5.3992707e-02
  5.4095447e-01
 -1.1290613e+00
 -2.2882657e-01
  1.7870331e+00
 -1.1647648e+00
 -2.0320262e-01
 -8.6160868e-01
 -9.9049902e-01
  2.2018231e-01
  2.5934568e-01
  4.2222923e-01
 -3.3957675e-02
  1.6395431e+00
  1.7137116e-01
 -5.4792666e-01
 -2.3041323e-02
 -7.2910592e-02
 -7.4923314e-02
  1.8391337e-01
 -2.4525258e-01
 -3.9622776e-02
 -2.0791365e-01
  1.1986093e-02
  1.4819895e-02
 -1.0270783e-01
 -3.2671474e-02
  9.8248310e-02
  5.0711438e-02
 -2.5206635e-02
 -1.0519553e-02
 -1.7109796e-02
  3.5342861e-02
  1.1424053e-02
  2.0077734e-03
 -2.7457108e-03
 -9.1838492e-03
  1.4064079e-02
 -4.1027926e-02
  7.6455874e-03
 -9.2819139e-02
  3.7056450e-02
  5.0018611e-03
 -1.8658207e-01
 -3.1397175e-02
  1.7175603e+00
 -4.4514062e-03
 -4.2077556e-02
 -9.0396047e-02
 -5.5533261e-03
 -3.1695658e-01
 -3.3311362e-03
 -1.1398142e-01
 -7.8256316e-02
 -5.5994529e-02
  4.9217679e-02
 -2.4289992e-02
 -3.6952760e-02
  7.7742904e-02
 -1.5916321e-02
 -3.8168430e-02
 -4.0682055e-02
  1.2595125e-02
  1.1059083e-03
 -5.4232698e-02
 -2.2864953e-01
  1.7782014e-02
  1.4174502e-02
  9.0507276e-02
 -2.5556156e-01
 -3.4404714e-02
 -2.5628018e-04
  5.5661905e-03
  4.8359834e-02
 -6.2790282e-02
  8.9299068e-02
 -6.5412909e-01
  8.6292535e-01
  1.3064579e+00
 -1.7472878e+00
 -1.7374775e-01
 -9.1731779e-02
  7.6907098e-01
 -6.8453521e-02
  6.7998201e-02
 -1.2774934e-01
  3.8311720e-01
  1.0511006e+00
 -3.8773918e-01
 -7.7921435e-02
 -1.7031269e+00
 -7.0756033e-02
 -1.7648181e+00
 -1.4667014e+00
  7.7068452e-03
 -2.5528887e-01
 -1.8883625e+00
  1.5300341e+00
 -1.1777710e+00
  5.8242537e-02
 -1.1699615e+00
  1.0206629e-02
  1.7215702e-01
  1.4140822e-03
  1.3159329e-01
 -2.5075227e-02
 -6.5183926e-01
 -2.2541693e-01
  3.6147181e-02
  6.4820921e-01
 -2.0116634e+00
 -2.6830462e-01
  2.0002604e+00
 -2.1928640e-01
  6.1255306e-01
 -1.1340535e+00
  4.7933528e-01
  8.5717320e-01
  2.9357731e-01
  2.2847166e+00
 -2.0332928e+00
  7.6623595e-01
 -5.4991895e-01
  6.6483366e-01
 -8.3058041e-01
 -6.7505968e-01
  1.6697183e+00
 -7.0593274e-01
 -1.0526813e+00
 -1.3443943e-02
 -1.5955482e+00
 -1.3460593e+00
  5.7528198e-01
  6.3437945e-01
 -2.4258871e-01
  6.7112023e-01
  4.3461204e-02
  6.8965632e-01
  1.4693858e-01
  1.9977795e-01
  1.2345271e+00
 -4.1049919e-01
  4.5476285e-01
 -3.5756980e-03
  1.1320405e-01
 -3.0316797e-01
 -3.2524671e-02
 -6.4827138e-01
  3.4504724e-01
  9.5970875e-01
 -2.9595833e+00
 -2.6526457e-01
 -9.5788226e-02
  7.6193100e-01
  1.0479460e+00
 -2.6320733e-02
 -1.0245698e-02
 -6.3709164e-01
 -3.2388672e-01
 -5.1939212e-02
  1.6624970e-02
  2.3278875e+00
 -1.1789119e+00
 -3.0076474e-01
  3.7461665e-02
  7.2406016e-02
 -9.9448441e-03
  3.1251181e-02
 -7.5636134e-02
 -5.7067074e-02
 -2.9790275e-02
  1.7643174e-02
 -8.8327853e-03
  2.5468534e-02
 -1.3102664e-03
  9.8376200e-02
 -1.2428429e-02
 -9.2064962e-02
  2.2717249e-02
 -5.9655029e-02
 -1.5012787e-01
 -3.3796903e-02
  1.0834876e-01
  1.4885099e+00
 -5.7859790e-02
 -5.4150417e-02
  1.5942495e-02
 -4.2756304e-02
 -1.0744683e-02
 -8.7241316e-03
 -4.1846737e-02
  2.9583704e-02
 -3.9925944e-02
  9.9466220e-03
 -1.0711911e-01
 -2.0123331e-03
  9.6318007e-02
  5.3298944e-01
 -2.5778269e-02
 -1.8402040e-01
  2.8971434e-01
  1.1566961e-01
  1.4380083e-02
  1.2496410e-01
  4.1057263e-02
  8.3972290e-02
 -8.9401215e-02
  2.3250496e-01
 -1.1506851e-02
  1.9192538e-01
  3.8995969e-01
  1.0116082e-01
 -2.0861462e-02
 -5.1372968e-02
 -1.4720047e+00
  4.3805504e-01
 -6.1868500e-02
  1.3555087e-01
 -3.7980214e-02
  1.6355620e-01
  1.0509392e+00
  2.0979039e-02
  3.8383540e-03
 -1.3294582e-01
 -5.5612558e-03
  9.8574169e-02
  1.6061828e+00
  2.9027298e-01
  4.8249677e-02
 -1.3002464e-01
  1.5929682e+00
  1.4067864e+00
 -1.5629621e-02
 -1.2105283e+00
  1.1841573e+00
  7.7619076e-02
  8.1815233e-04
 -3.0005923e-01
 -2.5825804e-01
  9.3983710e-01
 -6.5353680e-01
 -2.4975891e+00
  2.2265425e+00
 -8.3987921e-01
 -7.4812698e-01
  1.1971786e+00
 -1.2803165e+00
 -2.8058801e+00
 -7.6948118e-01
  4.6891767e-01
 -1.1964188e+00
  1.0629393e+00
  1.0226178e+00
 -9.9370023e-03
  4.6680087e-01
  3.6782965e-01
 -1.7302385e-01
  2.3967145e-01
 -2.2833881e-01
  5.2223406e-03
 -2.7695724e-01
 -1.0516752e-02
 -5.9325449e-02
  5.5585146e-02
  4.5120418e-02
  3.9193500e-02
  1.2818429e-01
  2.9022049e-02
 -1.3442253e-02
  9.5776469e-01
 -4.2884823e-02
  6.3395165e-02
 -2.9209483e-02
  9.3167797e-02
  9.1282539e-03
 -1.7474547e-01
  5.4379657e-02
  5.0740365e-02
 -1.7768286e-01
  1.2498583e-02
 -2.3554040e-02
 -7.4345879e-03
  2.5828952e-02
 -1.0640396e-01
 -9.7793248e-03
 -8.7730559e-03
  6.2533498e-02
  7.3718965e-02
  1.1266512e-01
  4.0349431e-02
  5.8357924e-04
 -1.2003567e+00
 -2.7312329e-02
  6.8657227e-02
  3.4639094e-02
 -2.3418330e-02
  1.9721117e-02
  8.0534657e-03
 -6.4765208e-04
  6.6564389e-02
 -3.3093177e-02
 -7.8290043e-04
 -4.0546328e-02
 -2.0903813e-02
  1.7379843e-02
 -1.8019935e-02
 -3.6575254e-02
 -1.4104451e-01
 -1.1993786e-02
  4.9980052e-02
  5.7254974e-03
  6.6982612e-02
  1.0736613e-02
  5.7269499e-02
 -2.3404606e-02
 -1.6107803e-02
 -7.2506823e-02
 -1.6413405e+00
 -1.0470638e+00
  1.2223455e+00
 -2.4808250e-01
 -2.6491091e-01
 -1.3465230e-02
 -5.8901411e-01
 -1.8115444e-01
  1.2719290e+00
  7.8169078e-01
  7.6928800e-01
  5.9666288e-01
 -1.8000532e-02
  1.0381607e+00
 -1.1904656e+00
 -1.1887873e+00
  7.7579194e-01
 -8.7255758e-01
 -3.4512177e+00
 -1.0258715e-02
  1.8548317e-01
 -7.6551574e-01
  7.1029998e-02
  1.7417461e-01
 -2.8137650e-02
  1.6703485e+00
 -1.1029955e-01
  8.1566848e-02
  2.5236724e-02
 -1.6234850e+00
  5.2249778e-02
 -2.8646313e-02
  8.1907761e-01
  1.7619972e+00
 -3.2182261e-01
  1.0931739e+00
  2.2072107e-01
 -3.5454300e-01
 -2.6163688e-01
  7.1094298e-01
 -2.5904868e+00
 -1.2098030e-01
 -2.1123475e-01
  1.0297083e+00
  7.7680612e-01
 -1.4792209e+00
 -4.1155350e-01
  1.4442130e+00
  3.9343785e-02
 -2.6705751e+00
  2.9490405e-01
  1.1559584e+00
 -1.0511327e+00
  1.8765254e+00
  1.1386795e-01
 -1.1901556e+00
  1.7466645e+00
  2.1187225e-01
 -6.7494476e-01
  2.5384866e-02
 -7.2815795e-03
 -5.6885737e-03
  5.0156880e-02
  7.5278088e-02
 -3.4901135e-02
  1.9599142e-02
 -8.0386676e-02
 -1.1323676e+00
  5.5063546e-02
 -1.7129244e-02
 -2.2466319e-02
  2.7297135e-03
 -9.8635526e-03
 -3.9247774e-02
 -3.0193411e-02
  8.6338967e-03
 -7.3224910e-02
  5.5647632e-03
 -1.4103986e-02
 -7.1926199e-02
 -3.6801551e-02
  3.7833247e-02
 -2.4818441e-01
  5.7618003e-02
 -7.4238256e-02
  1.5002402e-02
  2.1893015e-02
 -3.7339352e-02
  8.9520775e-02
  1.3888716e+00
  4.3426505e-01
  1.8280342e-01
  3.3510318e-01
  2.1027715e+00
 -3.7789109e-01
  1.4005030e+00
 -3.7557045e-01
  1.7235856e-01
 -2.5863424e-01
  6.4736828e-03
  1.5605220e-01
  9.6835750e-01
  7.1300186e-02
 -6.7608714e-01
  4.8976281e-01
  1.4130812e+00
  1.6252904e-01
 -3.2526052e-01
 -8.4434623e-01
 -2.8217945e-02
  5.2227277e-01
 -3.9496946e-01
 -1.8542746e-01
  1.6079272e-01
 -1.1816807e-01
 -1.0510258e-01
 -7.6301908e-01
 -5.1732206e-01
 -1.8579742e-01
 -1.6680487e-01
  9.1543078e-01
 -9.1181886e-01
  4.3661252e-01
  1.8401346e+00
  3.2040224e+00
  5.6750482e-01
  3.6583689e-01
  1.1477293e-01
 -1.9304512e+00
  1.5496383e+00
  1.0586783e+00
 -2.1077008e+00
  2.0445697e+00
  7.1388894e-01
  3.0472731e-02
  7.7687120e-01
  2.4679489e-01
  3.1109029e-01
  1.1362460e+00
  4.5749786e-01
  3.0015567e-01
 -5.0258732e-01
 -1.0606113e-01
  2.1525443e-01
 -3.5460282e-02
  2.4683568e+00
 -7.8476869e-02
 -5.3545661e-02
 -1.3860363e-01
  8.1980461e-01
  1.6331408e+00
 -1.7473789e+00
  1.1942272e-01
 -1.6919247e+00
 -1.6533760e+00
  1.1353298e-01
 -2.2867654e-01
  6.9184554e-01
 -1.1255175e+00
 -4.8366223e-02
 -1.1730661e+00
 -6.2763587e-02
  1.9557648e+00
 -1.4630808e+00
 -1.2002587e+00
 -1.3209816e+00
 -1.0207875e+00
  8.4025717e-01
 -2.3460291e-01
 -8.7105340e-01
  5.1930022e-01
 -2.4960840e-01
  8.8311529e-01
  4.1472007e-02
  6.5507621e-02
  3.7878695e-01
  8.8589694e-03
  6.1067346e-02
  9.9396640e-01
  1.2307276e+00
  1.6495239e+00
  8.0638087e-01
 -5.4292087e-02
 -1.2548074e+00
 -2.7344221e-01
  2.2135338e-01
 -1.0665600e-01
 -2.8751630e-01
 -9.1150278e-01
  6.0109514e-01
  7.6699412e-01
 -2.0649148e-02
 -1.5377955e+00
  3.3393022e-01
 -4.0346514e-02
  2.8615344e-01
 -1.9971235e-01
 -4.9669901e-01
 -3.9239091e-01
 -6.7897141e-01
  3.7685114e-01
 -6.8696147e-01
 -1.9262960e-02
 -2.2802010e-01
 -2.4701713e-01
  2.1500630e+00
  1.4935257e-03
 -4.7275241e-02
  2.0735851e-01
 -3.7898821e-01
 -9.6456009e-01
 -1.6179808e+00
 -6.8133458e-02
 -1.0087933e-02
  1.2267569e-01
 -2.8053286e-02
 -1.1649622e-03
 -4.8743424e-01
  4.0574321e-01
 -5.9485957e-02
  1.9796485e-04
  3.0380424e-02
  1.8897712e-01
  1.3665088e-01
  1.2146315e-02
  2.9955974e-02
  6.4825460e-02
  4.2133382e-01
 -3.3650905e-01
  1.5172086e-03
  1.8544825e-02
  4.5062073e-02
  6.9271609e-02
 -1.3304674e-02
 -2.0303155e-01
  8.7863952e-04
 -7.3804028e-02
  1.5110813e-01
  3.0238740e-02
  1.0123179e+00
  1.8434137e-01
 -8.8834822e-01
 -3.3552429e-01
 -5.6201142e-01
 -1.5376117e+00
  4.1877320e-01
 -4.5605579e-01
 -1.5708254e-01
 -1.9117113e+00
 -3.4642760e-02
 -1.3085170e-01
  8.7527829e-01
 -1.1255695e+00
  8.2953028e-02
 -7.6031029e-02
  3.2512289e-02
 -2.7372301e-01
 -3.6690515e-01
  3.0721695e+00
 -2.9076073e+00
 -5.4384100e-01
  1.0562394e+00
 -8.4862745e-01
  2.6457479e+00
 -6.7537731e-01
 -3.7722483e-01
  3.9437187e-01
  1.8795624e-01
 -3.0437124e-01
  2.6950223e-02
  7.9728536e-02
  4.8711054e-02
 -1.4514226e-01
 -2.2346692e-02
 -8.7367013e-02
  3.5502490e-02
 -3.2238849e-02
  1.9714627e-03
  1.5176584e-02
 -1.3291901e-01
 -3.8023717e-03
  4.3875996e-02
  6.6378550e-03
 -7.9989418e-02
 -3.2080408e-02
 -3.5962947e-02
  5.0421190e-02
  4.6886399e-02
  1.3762119e-01
 -2.1235773e-02
  8.5136816e-02
  5.9220441e-02
  3.1639785e-02
  7.0335738e-02
 -1.7523104e-02
  4.0196013e-02
  3.0804036e-02
  1.7443800e-02
 -5.0900590e-02
 -1.3701297e-01
  1.6828464e-01
  5.4624778e-01
  3.7532035e-01
 -1.1503158e+00
  2.9631007e-02
  5.3492785e-01
 -9.7441858e-01
 -4.3555576e-01
  8.8015916e-03
  4.5110658e-02
  1.3340129e+00
 -4.1366432e-02
 -7.8074321e-02
  6.9831860e-01
  3.8209686e-01
 -6.2599130e-02
  1.3876317e+00
 -2.2025583e+00
  1.7106588e-01
  1.0240663e+00
 -2.3557585e-01
  1.8660967e-01
 -1.6964357e+00
  5.3049516e-02
 -2.7969716e-02
  6.0718435e-01
 -1.0997714e+00
 -2.4569750e-01
 -2.1269026e+00
  9.4555184e-02
 -6.1837393e-01
  5.0907475e-01
  1.2078770e+00
 -2.9785476e+00
  1.9213293e-02
 -2.9594386e-02
  1.7652613e-01
 -2.0707238e-01
  3.7012723e-01
 -2.4755778e-02
 -2.4123868e-01
 -5.7844833e-02
 -5.8092382e-03
  2.7091628e-01
 -9.2790371e-01
 -1.5017328e-01
 -4.0291440e-01
  1.5057875e+00
 -1.5677729e+00
 -1.6033348e-01
 -5.9502465e-01
 -4.6206797e-03
  1.3825947e-01
 -2.3523523e-01
  5.9126294e-03
 -2.9463825e-01
  4.8618313e-02
 -3.6171246e-02
  8.9452274e-02
 -4.2456472e-01
  1.0973952e+00
 -1.2218140e+00
 -1.1427922e+00
  3.8767952e-01
 -1.3486638e+00
 -1.7904706e-02
  1.8755883e+00
 -3.6813674e+00
 -2.3799410e+00
 -1.4506394e+00
  2.3228984e+00
 -4.8118353e-01
  4.7548141e-02
  1.2351716e+00
  1.0742130e-01
 -2.9283034e-02
 -1.9744422e+00
  1.9974057e-01
  1.7972314e-01
  4.8902977e-01
  9.8761760e-02
 -1.0306288e+00
 -8.7081504e-01
  8.9066881e-01
  4.2183074e-01
 -3.6324046e+00
 -2.8017990e-03
 -7.5800651e-01
  7.3300868e-01
 -1.0123322e+00
 -2.4702854e+00
 -7.1660775e-01
 -1.7041246e+00
 -1.2952337e+00
  1.8073817e+00
 -1.3518476e+00
  6.3806355e-01
  9.1823292e-01
 -2.2230134e+00
  1.0027888e+00
 -2.4159577e+00
 -1.5277207e-01
  9.6480322e-01
 -2.7954869e+00
  6.6151999e-02
 -2.3686858e-01
 -4.0077098e-02
  8.6299825e-01
  1.7814645e-01
 -1.1449561e+00
 -1.0488939e+00
  1.6427623e+00
 -1.4076254e+00
  1.3730234e+00
 -1.1024203e+00
 -1.6369971e+00
  3.3056661e-01
 -4.6512913e-02
 -8.9288497e-01
 -1.4482906e-01
  1.6501507e+00
 -1.9707342e+00
 -2.7900927e-02
  1.7362767e+00
 -2.2382839e-02
  4.8694476e-01
 -4.3658134e-01
 -1.7836821e+00
 -4.9799535e-01
 -6.7618966e-02
 -2.9020703e-01
 -4.4152236e-01
  5.9809923e-02
  9.4509926e-03
  1.0440344e-01
 -5.6706274e-01
 -3.0848390e-01
 -2.4910134e-01
 -1.0382174e+00
  1.0384655e+00
  1.0137814e+00
  6.3457340e-02
 -1.6953883e-01
 -1.4381324e-01
 -2.8244473e-02
  1.3576699e+00
 -7.9268226e-03
 -2.1837661e-03
 -2.3047717e-01
  1.4550515e-01
  1.0071611e+00
  1.3027971e+00
 -1.1594847e+00
 -6.8933672e-01
  8.7162562e-02
  1.1166552e-01
 -1.0950344e-01
 -1.6789167e+00
  5.8136320e-01
  5.4302627e-01
 -3.5163328e-01
  4.8037995e-02
 -1.6642245e+00
 -1.6016898e+00
  1.2109377e+00
 -3.2184206e-02
 -5.5340189e-01
 -5.1392555e-01
 -8.2816678e-01
 -1.2256978e-01
  5.2982229e-01
  1.9845265e-01
 -7.4594510e-01
  4.7018597e-01
 -6.4283323e-01
  3.3002526e-01
  8.0923748e-01
  1.0702624e+00
 -6.1031711e-01
  2.0752162e-04
  2.4948807e-02
 -1.0439070e-01
  2.7425289e-02
 -7.6295985e-03
 -6.7834748e-04
 -2.1587782e-02
 -9.5447183e-02
 -3.3927880e-02
  9.3566123e-03
  4.4186261e-02
 -3.6193453e-02
  6.7024744e-01
  1.9399289e-02
  1.7310185e-02
 -1.2923889e-02
  2.6818725e-01
 -1.3627836e-01
  3.1358395e-02
  1.5396326e-02
 -1.6523067e-04
 -3.0992398e-02
  5.5780556e-02
 -9.6297659e-02
  8.6318636e-03
  3.5559211e-02
  5.9545498e-02
  2.9338555e-02
 -9.6958637e-02
  9.5930763e-02
 -9.7692192e-01
 -9.5572072e-01
 -5.4527596e-02
 -1.4181834e+00
 -1.8014665e+00
  4.6469527e-01
 -2.2745178e+00
  7.2442375e-02
 -6.6612050e-02
 -2.8637913e-01
 -1.2915844e+00
  7.1072030e-01
  3.7542388e-01
 -1.2111860e-01
  2.3920679e-01
 -1.1664188e+00
  5.1694292e-01
 -5.7510823e-01
  7.5151688e-01
  6.2152755e-01
 -1.1108103e+00
  4.6805780e-02
  8.0446728e-02
 -7.5391531e-01
  1.3374082e+00
 -5.3219324e-01
 -1.2005163e+00
  1.0300647e+00
  9.7099406e-01
  1.5725740e+00
  2.2609045e-01
  7.0579875e-01
 -7.6326966e-02
  5.8452100e-02
 -1.1302474e-03
  1.7918911e-02
 -6.7745662e-01
 -7.3749113e-01
 -2.9672535e-02
  3.6664370e-02
 -4.0107295e-01
  1.8494463e-01
  1.3746693e+00
  3.4141429e-02
  1.9861627e-02
 -2.0255335e-01
  7.1493077e-01
 -2.8003782e-01
  7.1668684e-01
  3.5470597e-02
 -1.1574067e-02
  2.2311474e-01
 -2.4735833e-02
 -7.3456601e-03
 -3.6297986e-01
 -9.6319333e-02
 -4.8822943e-02
  8.8700920e-02
 -6.4314112e-02
  3.5900563e-02
 -1.2625755e+00
  2.8071073e-01
  3.4197894e-01
 -4.0243259e-01
 -2.4940412e+00
 -1.4897619e+00
  1.5275562e+00
  9.2917693e-01
 -7.5852561e-01
 -1.2361016e+00
 -2.7556031e+00
  1.1280131e+00
  6.2993723e-03
 -1.1982883e+00
 -2.6832178e+00
 -7.6059854e-01
 -3.5603330e-01
 -7.6683128e-01
 -1.0847652e+00
 -3.3127005e+00
  2.6519671e-01
 -5.2970916e-01
 -1.1116527e+00
 -6.2268239e-01
 -1.3703697e+00
 -5.6683326e-01
  3.3172846e+00
  1.4801190e+00
 -1.1998566e-01
 -2.2241387e-01
  1.4997414e-01
  4.8824927e-01
 -4.2273179e-01
  4.6666943e-02
  2.8514074e-02
  1.3424153e-02
 -1.6404574e-01
 -9.4592362e-04
  1.1635006e-01
  8.9799874e-02
 -5.2649532e-03
 -1.2441607e-01
  9.0210766e-02
  7.7384613e-02
  1.2223187e-02
 -1.0713606e-02
  9.3493136e-03
 -1.2544286e-01
 -1.8619722e-01
  4.7115973e-01
 -1.7180842e-01
  9.0375841e-02
 -3.0697060e-01
  1.0030968e+00
  3.0274108e-01
  1.7829998e-03
  4.4326738e-02
 -9.8462619e-02
  3.4909748e-02
 -1.6387449e-01
 -1.1495387e-02
 -1.5179878e-01
 -8.8111527e-02
 -2.0622450e-01
  1.1508597e-01
  4.6033941e-02
  7.1280403e-03
  1.6591452e-02
  1.1246741e-02
 -5.8404379e-02
 -1.6439541e-01
 -4.7433939e-02
 -6.8365544e-02
  6.9381436e-04
 -3.5921293e-01
  6.8972878e-02
  4.0551383e-02
  1.1380416e-01
 -1.9535098e-02
 -3.8452885e-01
  5.5187852e-03
 -1.8583770e-01
  7.4961536e-02
 -2.0928594e-01
 -8.6947069e-02
 -4.9759462e-02
  5.5945124e-03
 -3.2806906e-01
 -1.4994530e-02
  1.3078285e-02
 -1.7968895e+00
 -1.1377704e+00
 -2.1079712e+00
  4.9778085e+00
 -3.1642237e+00
  1.8119955e-01
  5.9561509e-01
 -1.1354598e-01
  3.3191686e+00
  4.0115252e+00
  2.4808328e+00
 -1.7937647e+00
  1.5200479e+00
  1.2659971e-01
 -2.3082407e+00
  3.9081514e+00
  4.7397742e-01
  1.4137496e-01
 -2.2445581e+00
 -5.5659664e-01
  8.1741762e-01
  1.3317825e+00
 -2.3467545e-01
  1.6687696e+00
 -1.3167830e+00
  2.1313763e+00
 -4.3858531e-01
  1.5734857e-01
  6.4621950e-03
 -1.2050289e+00
  6.0519987e-01
 -4.5847022e-03
 -8.9034832e-01
  3.9155468e-01
 -1.2120950e+00
 -7.3565847e-01
  7.5995553e-01
  4.5208222e-01
  1.7839168e+00
 -9.3265027e-02
 -2.3003899e-02
 -1.2636089e+00
 -3.3203137e-01
  3.0745635e+00
  3.0523653e+00
 -7.2843605e-01
 -6.3741219e-01
  2.2593781e-02
 -8.5150486e-01
 -8.8516247e-01
  1.3035892e+00
 -2.0373926e-01
  8.8469124e-01
  1.6800761e-01
 -1.1777154e+00
 -1.0916708e-01
  9.4363607e-02
  1.0007861e+00
  1.8288952e+00
  1.4997604e-01
 -7.3453474e-01
  2.1756992e+00
  6.9890413e-03
 -2.1873324e-01
  3.0254540e-01
  6.7577884e-03
  9.8384750e-01
 -1.5661567e-02
 -1.7914391e+00
  1.7927593e+00
 -1.6861314e-01
  1.9987462e+00
 -1.7078345e+00
 -5.3954726e-01
  9.1369754e-01
 -1.1281927e+00
 -2.6480648e-01
 -4.5165929e-01
 -9.6009177e-01
  1.6793046e+00
 -9.7574270e-01
  2.7786341e-01
  2.2942288e-01
 -7.8341953e-02
  2.7738148e-01
 -3.8955979e-02
 -3.4039405e-01
  8.4779984e-01
  9.4166577e-01
 -3.5630557e-01
  7.5946724e-01
 -1.8685372e+00
 -1.5011731e+00
  3.7622683e+00
  6.5349203e-01
 -6.9257356e-02
  4.4498367e+00
 -2.4547592e-02
 -2.7495005e+00
  3.4028089e-01
 -3.7808390e+00
  2.5124878e-01
  9.5629162e-01
 -9.7745287e-01
  2.5930350e+00
 -1.2213438e+00
 -1.1154137e+00
  5.7621217e-01
 -9.3235895e-02
  9.2999458e-01
  1.7259212e+00
 -8.5167015e-01
  4.6989396e-03
  2.2551556e-01
 -1.1913334e+00
 -1.1266153e-01
  1.0662905e+00
  1.8230438e-01
 -5.4307138e-03
  4.9384707e-01
 -1.7355685e+00
  1.2040535e+00
  1.9354117e+00
 -2.0965636e+00
 -1.3462628e+00
 -1.8263707e+00
 -2.8217866e+00
  1.6859330e+00
 -7.3119044e-01
 -1.1973983e+00
  1.9140013e+00
  6.6327077e-01
  1.9635425e+00
 -9.3530691e-01
  1.9316504e+00
  4.8459873e-01
 -1.0300980e+00
 -9.3601447e-01
 -1.8779306e+00
  2.9307539e+00
  2.3688099e+00
 -8.3867955e-01
  1.6855983e+00
  7.4634063e-03
  1.1836236e+00
 -1.8559829e+00
  1.7677804e+00
  2.2012239e+00
 -2.1351101e-01
  8.4171945e-01
  1.5452665e+00
  3.2364497e+00
  2.2294853e+00
 -1.6571324e+00
  1.2290248e+00
 -2.8214307e+00
 -2.3826863e-01
 -2.2843663e-01
 -3.8801199e-01
 -1.8369547e+00
  2.9287829e+00
 -2.1367857e+00
  1.8467216e+00
 -8.3320159e-01
 -1.5126637e+00
  1.8919352e+00
 -1.0587575e+00
  1.1617622e+00
  1.4904100e+00
 -2.4685180e-01
  4.0696726e+00
  1.5311924e+00
 -4.1810989e+00
  2.5040140e+00
  3.6285496e+00
  3.4882870e+00
  3.2708530e+00
 -1.3523072e+00
  4.1912174e-01
  1.6180124e+00
 -4.1832681e+00
 -2.4089985e+00
 -2.2564874e+00
  9.3452501e-01
 -2.7253668e+00
 -2.6675358e-01
  5.0612104e-01
  2.2115176e+00
  1.5270184e+00
 -1.2203161e+00
 -4.6405573e+00
 -9.4193614e-01
 -2.6706321e+00
 -1.1112146e-02
  7.0643556e-01
  4.3062634e+00
 -2.3430252e+00
 -3.7663040e+00
  2.8477020e+00
  6.7030293e-01
 -3.1689582e+00
 -2.1805758e+00
 -9.9121213e-01
  2.8402867e+00
 -4.5687671e+00
  2.7205546e+00
 -1.3234136e+00
  1.6898921e+00
  1.5594759e+00
  2.2439675e+00
 -2.4351051e+00
  4.5518479e+00
 -2.1365054e+00
  4.4174342e+00
  3.6030285e+00
 -5.2761884e+00
  1.4927073e+00
  8.5456473e-01
 -2.4237993e+00
 -8.9600104e-01
  2.4141028e+00
  1.6791813e+00
 -3.2302654e-01
 -1.1372707e+00
  1.0715299e+00
  2.5601333e-01
 -5.4924929e-01
 -2.6701819e-02
 -2.6881385e-01
  9.8224562e-01
  2.3086181e+00
 -3.6906758e-01
  4.3670198e-01
 -4.1979641e-02
 -2.4708545e-02
  3.6564210e-01
 -2.8747031e-01
  6.2247496e-03
  1.5671118e+00
  6.1924350e-01
  6.3526040e-01
 -1.5611639e-02
  1.4805007e-01
  4.0367577e-02
  1.2810664e-01
 -1.1141480e-02
 -5.8961667e-02
 -3.0822512e-02
  5.6451753e-02
  1.7621000e-03
  5.4016545e-02
  5.8079301e-03
 -1.1630429e-02
 -5.4614596e-02
 -8.1724577e-02
  3.0340321e-02
  9.5248957e-05
 -1.2548210e-01
  8.8578634e-02
  5.2983109e-02
 -2.7288212e-03
 -2.3433331e-02
 -1.8734295e-02
 -3.2121733e-02
 -1.0632914e-02
 -9.3795490e-03
 -2.8417813e-02
  7.4493182e-03
 -6.5804836e-03
 -1.0118539e-02
  1.3045914e-02
 -2.4512639e-02
  2.5264770e-02
  5.4174401e-02
 -7.0223577e-02
 -5.7342574e-02
  3.8266871e-02
 -4.1577596e-02
  1.5360204e-02
 -1.2095019e-01
 -3.6006754e-03
 -1.7203678e-03
 -1.2311525e-01
  3.8761310e-02
 -1.0018582e-01
  3.0065869e-04
  2.7697653e-02
 -1.2132230e-01
  7.7893786e-02
  4.6545025e-02
 -9.7682334e-02
 -3.6190335e-02
  1.6622747e-01
  2.3536609e-01
  1.0559340e-03
 -3.8088816e-03
  7.2177075e-02
 -8.7817982e-03
 -5.3159267e-02
 -1.2367938e-01
  1.5143626e-02
  1.1372801e-02
  1.5552150e-01
 -1.3461645e+00
  7.8702539e-02
  5.8235068e-02
 -5.5297226e-02
 -4.0727248e-03
 -4.1297149e-02
 -4.9188267e-04
  3.9842691e-02
 -1.2595609e+00
  2.8954819e-01
  4.8450150e-02
 -3.8890759e-03
 -8.3083697e-02
  7.4363962e-02
  6.5398075e-02
  1.5631733e-02
 -3.1963803e-02
 -5.7846859e-02
 -2.1486819e-01
  2.1282785e-02
 -2.1625634e-02
  5.7617325e-02
 -3.2185018e-01
 -1.2409529e-02
 -4.2434028e-01
 -3.5305074e-01
  6.9712108e-01
 -6.0182847e-02
  1.9756074e-03
 -3.1993497e-02
  8.3611645e-02
  1.2070600e-01
 -1.7452286e-01
  1.0513365e-01
 -4.4273306e-02
 -1.7061790e-02
 -1.6860291e-02
 -1.3176473e+00
  4.4909332e-02
 -1.7188109e+00
 -3.7670940e-01
  7.1481788e-01
  9.0013996e-02
  1.5966383e-01
 -3.7989523e-02
  1.3327912e+00
  1.3952339e-01
 -4.7540892e-02
  8.4144711e-02
 -3.3029314e-02
  4.3426487e-01
 -2.4413858e-02
  1.4919885e-01
 -1.0177697e-01
 -3.9658095e-03
  1.4278917e-01
  2.9352838e-01
 -2.2381550e-01
 -5.1481362e-02
  1.7539930e-01
  8.5114799e-03
 -6.4797704e-03
  2.9357227e-02
  1.5853914e-02
 -3.4187842e-02
  1.1378034e-01
  8.8581577e-02
  1.2796830e+00
  3.3030200e-01
 -2.1145765e-01
  6.3933098e-01
 -9.4920248e-01
  7.8231150e-01
  3.4860808e-01
 -6.4926535e-01
  1.2072488e+00
 -2.0108812e+00
  2.9700046e+00
 -4.1045162e-01
 -4.9210244e-01
  2.1448550e+00
 -2.3102906e+00
  2.2176471e+00
  1.5270706e-01
  6.3645393e-01
  2.0896332e+00
 -9.6232432e-01
  6.9261771e-01
  1.2372364e+00
  1.2235960e+00
 -9.5294434e-01
 -1.2023175e+00
  8.8758506e-03
  1.6308287e-02
 -6.9999504e-01
  7.0867640e-01
  9.1419560e-01
  3.7607832e+00
  7.2811556e-01
  1.1529123e+00
  2.1968441e-01
 -2.7029973e-02
  1.6796878e-01
 -1.3637167e+00
 -3.3746745e-02
 -1.2474581e+00
 -8.5232884e-04
  2.4419188e-02
 -8.9312077e-01
  8.8130784e-01
 -1.9046278e-01
 -3.4233409e-01
 -4.8513028e-01
 -2.0317603e-03
 -1.1819008e-01
  3.2714295e-01
 -7.2549391e-01
  1.6203001e+00
 -6.2397350e-02
 -4.3131533e-01
 -1.9072083e-01
 -1.9409720e-02
  7.3928159e-01
 -1.2382413e-02
  1.5521588e-02
  1.7021809e-02
 -3.7925176e-02
  7.9654595e-03
 -7.5961068e-02
  2.8201332e-02
 -2.2127753e-02
  8.2986010e-03
 -1.0121977e-02
 -3.9791949e-02
  5.3176273e-02
 -8.2793176e-02
  2.5643662e-02
 -3.2019217e-02
  7.1699917e-02
  1.1052744e-02
 -5.7241642e-03
  3.3056930e-02
  4.8425910e-03
 -7.9125818e-03
 -5.9674278e-02
 -7.4297871e-04
 -7.9747215e-03
 -2.6110460e-03
  7.2077718e-03
  3.3268474e-02
  1.5380382e-02
 -2.2437541e-01
 -2.8566558e-02
 -5.1417679e-02
  4.1252177e-02
  1.4899121e-02
 -1.0700669e-01
 -1.2841246e-02
  1.5684413e+00
 -8.1721604e-01
 -2.1644125e-02
  4.3354192e-01
 -5.2360244e-02
 -5.4670215e-01
 -8.7589836e-03
  1.6521761e-01
 -6.6474797e-03
  5.4666042e-02
  3.6532536e-02
  1.4944303e-01
  7.8583598e-02
 -4.2914730e-02
 -4.2541515e-02
 -3.4668136e-02
  4.2190224e-01
 -1.2168263e-02
 -8.9486051e-01
  2.1523771e+00
  1.4317547e-01
  2.0564344e-02
 -1.9113924e-01
  6.0226250e-01
  1.2564215e-02
  4.2431068e-02
 -3.9318744e-02
  1.0023715e-01
 -1.4978493e-02
  3.8265809e-02
 -8.3518013e-02
 -8.3899304e-02
 -1.4314835e-01
 -9.6790818e-03
 -1.8890417e-01
 -2.3213511e-02
 -1.2733088e-02
  2.7933529e-02
  1.1750676e-01
 -9.2341356e-02
 -1.3144492e-01
  1.1187015e-01
  3.0837301e-02
  3.4329896e-03
 -9.5372081e-02
  1.2068999e-02
  2.0375503e-02
 -1.2127977e-01
  1.9176809e-02
 -1.5431637e-02
 -3.2727703e-02
 -2.9602233e-02
  4.0619034e-02
 -1.6005831e-02
 -3.4349184e-02
 -1.4541864e-01
 -1.1779469e-01
 -7.4937351e-02
 -2.4144564e-02
 -2.3263671e-02
  5.9718829e-02
 -7.2479345e-02
 -1.4391884e+00
 -4.6392536e-04
  5.7708383e-01
  1.8600507e-02
 -1.1497892e-01
  8.5548405e-03
 -3.2399438e-02
  5.3193118e-02
 -2.0865663e-03
 -9.6613809e-02
 -1.7912170e-02
 -2.2900069e-02
  4.1782204e-02
 -5.7391194e-03
  5.3395219e-03
  1.6371998e-01
  9.1703283e-03
 -2.0724326e-02
 -4.0740028e-02
  6.7502789e-02
 -2.2233181e-02
  6.8867415e-02
 -1.7186183e-01
  1.1152185e-01
  6.2202173e-03
 -1.5610182e-01
 -1.0272519e-01
  3.9814081e-02
  3.9230347e-02
  3.8127333e-02
 -1.9526619e-01
 -2.4977854e-01
  6.4916544e-02
  9.9915117e-02
 -8.1818767e-02
  6.1632060e-02
  9.0729177e-02
  7.9600990e-02
  1.6303228e-02
 -1.9945657e-02
 -1.8753355e-02
 -1.9482093e-01
  1.1786317e-01
  1.3835555e-01
 -3.8293049e-02
  5.1867967e-03
  4.9955724e-03
  2.7669916e-02
 -9.3692504e-03
 -1.8332569e-03
 -1.5272628e-01
 -9.8038791e-04
  3.7510220e-02
  1.5104890e-02
 -2.6448887e-02
  6.9010638e-02
  2.4696480e-02
 -1.3160333e-02
  8.3414984e-01
 -8.0085689e-01
  1.1962640e-01
 -3.5547628e-03
 -3.3901507e-01
  1.7182380e-02
 -3.4125278e+00
  3.3318232e-05
  2.5147513e-02
 -1.1409093e+00
  2.3413879e-01
  1.4204499e-01
  2.1847139e-01
 -2.8299019e-02
 -3.8141641e-01
 -7.6446548e-02
 -3.1989440e-02
  1.2282792e+00
 -1.0263872e+00
 -2.3477553e-01
 -2.8535315e-01
 -1.0980281e+00
 -9.4519943e-02
  9.2663914e-02
 -1.5139720e-01
  5.5377699e-02
  8.8747762e-02
  4.9298784e-01
  3.2752391e-02
 -1.0096581e-01
 -9.6074417e-02
 -7.4169897e-02
 -5.9191860e-02
 -2.9058108e-02
 -2.2942805e-01
 -2.1594478e-02
 -5.3571989e-03
 -7.0512012e-02
  1.4811345e-02
 -6.7897506e-02
 -1.8916342e-03
  1.8130450e-01
  9.2346922e-02
  2.7414434e-02
 -4.4226348e-02
 -4.0175766e-02
 -2.0185363e-02
 -7.7478431e-02
  5.3310018e-02
  2.6703209e-02
  1.6403890e-01
  2.3199609e-02
 -4.9579520e-02
  4.4535354e-02
 -5.8557626e-02
 -2.5848366e-02
  2.3352733e-01
 -6.2579386e-02
 -8.1730209e-02
  5.7357445e-02
 -2.1777322e+00
  4.1601226e-01
  8.1872249e-01
  5.7280761e-01
  3.7270845e-03
  2.5610099e-02
  1.1015353e-01
  2.7270487e-02
  9.8737043e-01
 -1.7794520e-01
  1.3167405e-02
 -9.7133204e-02
 -5.2004181e-02
  7.9450808e-02
 -3.3381274e-01
 -6.9487816e-01
 -3.5354573e-01
 -1.6990280e-01
  1.1401824e+00
  3.3988941e-01
  3.7004602e-01
  5.5908769e-02
 -6.4190239e-02
 -9.2404282e-01
  1.1563891e-02
 -6.9427681e-03
 -2.9590596e-02
 -1.1337997e-01
  1.3811544e-01
 -4.1015323e-02
  2.3057209e-02
  2.4005268e-02
 -3.2852259e-02
 -1.8519387e-02
  1.6687304e-03
  1.8021196e-02
  6.8373062e-02
  4.8991214e-02
  4.8434883e-02
  1.0521392e-02
 -6.6998295e-02
  4.7078775e-03
 -4.1781548e-02
  4.4505996e-01
  2.1716060e-01
  1.5317167e-02
 -2.1342300e-01
 -1.1486762e-02
  1.8570868e-02
 -3.4364909e-02
 -5.1876877e-02
  4.0466678e-01
 -1.1592723e+00
  1.0622291e-01
 -8.2121184e-03
 -2.9177687e-03
  9.7801626e-02
 -6.8336457e-02
 -7.3344428e-03
  1.6867763e-01
  2.0591357e+00
  2.0202711e-01
 -3.1566903e-01
  9.0981588e-02
  8.5875171e-01
 -9.0151215e-01
  3.8898562e-03
  6.3456702e-03
 -7.8570366e-01
 -5.5928475e-01
  5.3300673e-01
 -1.2146562e-01
  4.9892357e-01
 -1.9295081e-01
  1.7073203e-02
 -3.3215918e-02
 -7.0177042e-01
  2.3367486e+00
 -4.8587918e-01
  1.5547205e+00
 -5.2766874e-02
 -7.0424241e-01
 -2.0779097e-02
 -4.2415962e-01
  3.2520304e-03
 -3.6179268e-01
  1.4719465e-02
  1.2593350e-01
 -4.1145243e-02
 -4.4235969e-01
  2.7834466e+00
 -1.3615999e+00
  2.4181335e+00
  1.6186922e+00
  4.6832877e-01
  1.1387657e-01
  2.8062651e-01
 -4.1530806e-01
  1.2010503e+00
  5.3856587e-01
  3.3930290e-02
  3.9923364e-01
  4.2544967e-01
  1.9922932e+00
  2.0769094e-01
 -7.4650710e-03
  3.4236196e-01
 -9.5790895e-03
  1.4649371e+00
  1.2083950e-02
 -1.0879868e+00
  9.0934694e-01
  2.9217357e-02
  1.9137144e-01
 -2.1596476e-02
 -1.4961178e-02
 -4.1170601e-02
 -1.7202836e-02
 -1.0433479e-01
  9.5438647e-01
  5.8890945e-01
  5.7240325e-01
 -1.5120277e+00
  1.6650118e+00
  7.9500866e-01
 -1.1822758e+00
 -4.5613402e-01
  2.6239702e-01
 -4.8078287e-01
  1.2410310e-01
  5.8465071e-02
 -3.7822306e-02
  1.3601257e+00
  8.7763894e-01
  2.8440137e+00
  1.1543975e+00
 -1.6819819e+00
  2.0444077e-01
  2.7133647e-01
  1.3711605e+00
  1.8855916e-01
 -1.6545442e+00
  1.0313741e-01
  7.1091123e-02
 -1.6744477e+00
 -1.1329805e+00
  2.1592511e-02
  1.6069108e+00
  6.4977340e-02
 -1.8542161e-02
 -6.8028457e-03
  6.7979001e-02
  1.4068392e-01
  1.1290117e-01
 -2.0428298e-02
 -1.2090948e-01
  7.9162970e-02
 -1.4553456e-01
 -2.3480479e-01
  3.4750935e-02
 -8.0944467e-03
 -1.2204774e-01
  1.6474082e+00
 -1.4387909e-03
 -1.5447228e-02
  4.3835394e-02
 -1.3855170e-04
  8.0521822e-02
  1.1646736e-03
  5.8696959e-02
  5.6309987e-02
  2.2513056e-03
 -3.0202795e-02
 -8.9829648e-03
 -3.0073842e-03
 -1.3833118e-02
 -1.0542128e-01
  5.5368389e-03
  6.4562671e-02
 -5.7692457e-02
  3.1910691e-02
 -7.4740060e-02
  4.1651875e-02
 -4.9207793e-03
 -1.4242701e-01
 -1.9908169e-02
 -3.9728172e-02
 -1.0747686e-02
 -2.2591207e-02
 -1.7952718e-01
 -4.2533092e-02
  2.7038239e-02
 -1.3980952e-01
 -5.7475973e-02
  2.7689150e-02
 -8.9159705e-02
  3.5495333e-02
  3.6972962e-02
 -1.3651941e-03
 -5.8029033e-02
 -8.9289155e-03
 -1.1266818e-03
  7.5302966e-02
 -4.7338888e-02
 -1.3600437e-03
  1.5465260e-02
 -2.4449371e-02
 -4.0709898e-02
  1.6142072e-02
  5.6519166e-02
  3.3390293e-01
  6.3783698e-02
  5.8947415e-03
 -7.6373264e-02
  1.9872436e-02
 -2.4097279e-02
 -5.3544962e-03
  1.0872822e-02
 -3.9885738e-01
  1.1193839e-02
  9.4598323e-02
 -4.3059543e-02
 -2.5310790e-02
 -1.0450075e-02
  8.0040313e-02
  2.7939472e-02
  1.6724573e-02
  3.2201089e-02
 -7.1464129e-02
 -1.5834363e-01
  1.7851688e-01
 -1.0778069e-02
 -2.6029760e-03
  3.1581789e-02
  3.3097606e-02
  5.5138029e-02
  2.2904208e-02
  2.3836400e-02
  7.1245223e-02
 -6.1525159e+00
 -3.8583095e+00
  5.3952231e+00
 -1.1790787e+00
 -2.4111397e+00
 -6.5799427e-01
  7.6912689e-01
 -4.1039404e-02
  1.8033202e+00
 -3.4157905e-01
 -4.6039757e-01
  1.2814417e+00
 -3.4297543e+00
  2.6532292e+00
  1.4195313e+00
 -4.4901848e+00
  3.4782953e+00
 -1.6801054e+00
  4.0146694e+00
  4.0803513e-01
 -1.7090485e+00
  1.9334713e+00
 -3.6635313e-02
  1.3694201e+00
 -5.6081277e-01
 -1.2197052e+00
 -8.7977481e-01
  4.2322913e-01
  1.1182768e+00
 -3.4173244e-01
  4.0781598e+00
  2.9237595e+00
 -3.6233416e+00
 -2.3070636e-01
  9.3402815e-01
  8.0511689e-02
 -2.6386935e-01
  9.4864315e-01
 -6.5214425e-01
 -3.9424816e-01
  4.7570145e-01
 -8.8691980e-01
  5.8697879e-01
 -1.9100105e+00
 -1.8385631e-03
 -2.7122688e-01
 -1.1901689e+00
  1.0280901e+00
 -1.1056488e+00
  1.4718976e+00
  1.4846578e+00
  2.4170725e-02
  7.0776093e-01
 -1.3813019e+00
  1.3951692e-01
 -6.8344283e-01
 -1.2726280e-01
 -4.3740940e-01
  1.3857992e-01
  4.3627328e-01
  1.9336227e+00
 -4.4968754e-01
  4.0332954e-02
 -1.6096134e-02
 -1.3253367e+00
  3.2560623e-01
  2.9166508e-02
  6.5872282e-02
  1.1588793e-01
  4.4724396e-01
 -1.6669841e-02
  1.3351583e-01
 -2.7764997e-02
 -4.1667569e-02
 -3.6011290e-02
  4.3552437e-01
  3.0947380e-02
 -2.9383682e-02
  7.8198917e-02
 -8.9385584e-03
  1.0044603e-02
  8.1271991e-02
  1.4956621e-03
 -9.0647668e-02
  4.8852827e-02
  1.6620416e-03
  8.6224735e-02
  6.5304711e-02
  5.9131202e-03
 -2.2880511e-02
 -5.3975439e-01
  5.9275222e-01
 -2.4449084e+00
 -2.0413871e-01
 -7.5743854e-01
  8.0453552e-02
  3.6583856e-01
 -2.6527721e-01
  3.3471933e-01
  2.4732907e-01
  2.8244570e-01
  2.1065368e-01
  5.4584056e-01
  2.8230113e-01
  1.5826786e-01
 -2.9103571e-01
 -4.4029155e-03
  4.6110365e-01
  1.1214058e+00
 -3.0034289e-01
 -5.3978872e-01
 -1.7435776e-02
 -4.5096695e-01
 -7.8872398e-02
  1.9911927e-01
  1.5602991e-01
 -8.1562139e-02
 -1.7400354e-02
  6.8198688e-02
 -7.3506884e-02
 -3.0430421e-02
 -5.2005273e-01
 -5.6220599e-02
  2.3101093e-02
 -3.9272059e-02
 -3.6070736e-03
  1.3504779e-02
 -5.1512245e-02
 -1.2654690e-02
  2.4959391e-02
 -4.6926080e-03
 -1.8799169e-02
  6.8539768e-02
  5.8217472e-03
  1.2228465e+00
  3.0175965e-02
 -8.8039219e-02
 -2.1312030e-02
  1.0055166e-01
  4.8135582e-02
  2.4575505e-02
  2.7563257e-02
 -1.0821616e-02
 -5.7039902e-02
 -1.9997111e-02
  3.6505960e-02
 -1.9763865e-02
  2.7613141e-02
  1.2439389e-02
 -6.4527459e-02
 -8.4200865e-03
 -3.3279175e-01
 -1.8668361e-01
  1.0434055e+00
  1.4046760e-01
 -1.6099764e-02
  5.0126784e-03
  1.1703575e-01
 -1.1019254e-01
  2.1491806e-01
 -8.7525350e-01
 -3.7628245e-02
 -1.6302741e-01
 -1.7531279e-02
  3.5236925e-02
 -6.3159794e-01
 -3.9360538e-01
  1.8096845e-01
 -1.8593697e-01
  1.9727454e-02
 -7.6330692e-02
  4.1140221e-02
 -4.0643714e-02
  3.5799339e-01
  2.4784781e-02
  4.3108508e-02
  9.2105912e-03
 -1.8178089e-02
 -2.7600138e-02
  1.6002329e-02
 -2.2673488e+00
 -9.5717609e-01
  1.2788609e+00
  2.3607133e-01
 -7.3281813e-01
 -5.4497242e-01
  1.7964868e-01
 -4.3849248e-02
  7.9704709e-02
 -1.4591737e-01
 -1.1567971e+00
 -5.7320669e-02
 -2.6297102e-02
 -2.6685381e-02
 -9.0778172e-01
 -7.0399141e-01
 -1.2198457e-01
 -2.5334444e-02
 -1.9571707e-01
 -5.6854997e-02
 -2.8528872e-01
 -1.1634763e-01
 -8.7084115e-02
  3.4724094e-02
 -8.7633863e-02
  1.4262706e-01
 -2.0645011e-02
  4.3621253e-02
  2.6761394e-03
 -6.1843593e-02
 -7.6883867e-02
 -5.6470191e-01
  8.7629402e-01
 -4.0573347e-02
  4.1768897e-01
  4.2281304e-02
 -7.3755786e-02
  4.1170606e-01
 -9.0794399e-02
 -1.8496259e-01
 -1.1124573e-01
 -2.7873227e-01
 -1.7101087e-01
  7.8628697e-02
  5.8458643e-03
 -7.2671717e-01
 -7.1784355e-02
 -2.6490524e-01
 -7.8526527e-02
  6.7651212e-01
  3.5764605e-02
  4.2307115e-01
  7.3978983e-02
  1.1079123e-01
  1.2629879e-01
 -5.2205093e-02
 -1.2365006e-03
  7.6906453e-04
 -4.5495301e-01
 -1.1306758e-01
  1.4927530e-03
 -7.0586778e-02
 -3.9212018e-02
 -1.5310258e-01
  3.2412091e-01
 -1.6612472e-02
  3.7168784e-03
 -4.2239141e-02
  8.8834859e-02
 -2.1252902e-02
  4.0888187e-01
  7.5323306e-02
  6.3485689e-02
  6.1914831e-01
  1.5459993e-02
 -2.0897083e-01
 -1.3283615e-01
 -1.9953828e-01
  1.1618578e+00
 -4.0491782e-03
 -8.4257141e-02
 -6.2035121e-02
 -5.1516048e-03
  2.0213223e-01
 -2.0229939e-01
  4.0777527e-02
 -2.2781909e-02
 -3.4394297e-03
 -1.2719631e-01
  3.1614285e-02
 -2.7159309e+00
 -1.6420896e-01
  1.1096990e-01
  8.7247461e-01
 -5.7004165e-02
 -9.1719007e-01
  1.3557489e+00
 -7.1232069e-01
  3.3020634e-02
  8.7639362e-02
 -3.7631455e-01
  2.9276460e-01
  1.4774557e+00
  1.7117685e+00
 -1.2388594e+00
 -5.7394266e-01
 -9.3320377e-02
  6.5800416e-01
 -2.0359436e-02
  2.0733066e-02
 -1.3851382e+00
  1.7629103e-01
  3.3769637e-01
  4.2642239e-01
  7.4284679e-01
  4.9657744e-01
 -8.3497532e-02
  1.0257741e-02
 -1.0204364e-01
 -2.9508981e-01
  7.1638790e-03
 -3.5615966e-02
  9.5500937e-03
  3.3341791e-02
 -5.5260494e-02
  4.6490217e-03
  9.6723147e-02
 -2.7620783e-02
 -8.0573715e-02
 -4.1650232e-02
  9.4361171e-02
 -5.0389498e-02
  8.9745730e-02
  1.9531077e-02
  4.5930039e-02
 -5.1212531e-02
 -5.1668398e-02
  4.8829600e-02
  9.0231711e-01
 -6.0262930e-02
  5.6185041e-02
 -2.4816992e-02
 -6.7454435e-02
 -1.0025488e-02
  2.0503654e-01
  1.6911875e-03
  3.1922425e-03
  2.2660891e-02
 -2.9160604e-02
 -1.5388827e-02
 -4.9511991e-02
 -3.1542420e-01
 -1.5204600e+00
 -1.1344521e+00
  1.2426565e+00
  4.8307259e-02
  2.4779612e-01
 -5.5929971e-01
  1.9552366e-01
  6.3554876e-02
  7.4313186e-02
  6.4645875e-01
  1.0648122e+00
  5.5846717e-02
 -4.3616015e-01
  1.8212529e-01
 -3.1625047e-01
 -2.6025352e-01
 -8.7602310e-02
  6.9311224e-02
  9.0626991e-01
  1.1111819e+00
 -2.3730569e-02
 -3.4936064e-01
 -3.7267646e-01
  8.2859427e-02
  2.9235497e-02
  6.1762013e-02
 -9.7538449e-02
 -1.5518215e-02
  1.7163573e-02
 -1.6357969e-02
  3.0457995e+00
 -6.6449046e-01
 -2.2985728e+00
 -8.8311136e-01
  1.1634557e+00
 -1.2531755e+00
 -6.2885769e-02
  1.5142882e+00
 -1.1235778e+00
 -2.8826648e-01
 -3.0394754e-01
 -2.7268674e+00
 -2.9739447e+00
 -1.8435620e+00
 -1.9549821e-01
 -1.3498347e+00
  1.4361537e+00
 -4.7167334e-01
 -1.8329228e-01
  1.5314367e+00
 -5.7925087e-01
 -2.7850801e-01
 -1.9282761e-01
  4.1026998e-02
  9.7103119e-03
 -3.4953475e-02
 -5.3876370e-02
  1.3627776e+00
 -5.7981330e-01
  1.8909804e+00
  8.8709396e-01
  2.6309836e+00
  1.8292550e+00
  8.0893198e-03
  6.8927103e-01
 -2.2188845e-01
  4.8758811e-01
 -2.2083567e-02
  6.6291653e-02
 -2.1545839e-01
  1.0041953e+00
 -3.0835336e-01
  9.9205142e-01
 -8.8761431e-01
  2.6549436e-02
 -1.6136527e-01
 -1.5061938e-02
  2.4256475e-01
  5.6274462e-01
  2.3652105e-02
 -1.4212750e-02
 -1.2309263e+00
  1.3576519e-01
 -1.1269549e+00
 -1.2025644e-01
 -1.6908453e-01
 -2.5910925e-02
 -2.5545770e-01
  3.4468681e-02
 -1.2794778e-01
  1.0406937e-02
  5.8398074e-03
  5.0718710e-02
 -3.8016580e-02
 -1.0553408e+00
  1.0006544e-01
 -3.3475861e-01
 -3.9782599e-02
  8.1763558e-02
 -5.0574671e-02
  4.2555284e-02
 -3.4806561e-02
  1.4014381e-01
 -1.0972366e-01
 -1.0582053e-03
  5.2873291e-02
 -1.1410351e-01
  4.5680129e-03
  3.4076527e-03
  3.5841744e-02
  1.5707146e-01
 -2.2059569e-02
 -4.0457573e-02
 -8.6452194e-02
  1.1930467e-03
 -1.1672069e-02
 -1.2402582e-01
 -8.2308175e-03
  1.3947029e-01
 -6.6173799e-02
 -2.4969930e-02
  9.4477974e-02
  4.1280977e-02
  7.2111383e-02
  5.2531451e-02
 -1.4819185e-01
  2.7073820e-03
  3.3539344e-02
 -5.5203136e-02
 -6.3635330e-03
  8.0690932e-01
 -7.7140639e-03
 -6.8103358e-02
  1.4183339e-02
  4.6475674e-04
  2.7705032e-02
  2.9114701e-02
 -1.5092981e-01
 -4.9187049e-02
 -8.2962058e-02
  8.6833566e-02
 -2.0889365e-03
 -1.7831024e-02
 -2.4781303e-02
  4.9486652e-02
 -2.8274730e-02
  3.4162591e-03
 -5.3646704e-03
 -6.4358294e-02
 -3.9359125e-01
  2.8154671e-02
  1.7850967e-02
  2.2440339e-02
 -6.6587739e-02
  4.0152636e-01
 -4.1001089e-02
 -7.4310578e-02
 -8.1584454e-01
 -7.3296009e-03
  8.2461871e-02
  1.4132207e-03
  3.9079725e-03
 -1.5714735e-01
 -2.1438952e-01
 -7.7561468e-02
 -3.7369432e-03
 -8.3140828e-02
  5.7827741e-02
 -2.2369575e-02
  1.1976214e-01
  9.9164126e-03
 -9.4317943e-02
 -6.0403176e-02
 -2.6523404e-02
  8.3352104e-03
  4.1133245e-03
 -7.2900979e-03
 -2.6807380e-03
  7.6035701e-02
 -5.1546055e-01
 -2.9863200e-01
 -7.8007787e-01
 -1.7891204e-01
  2.6414445e-01
  3.7941206e-01
 -1.2276350e+00
  9.3062103e-01
  3.2828249e-02
  9.6851057e-01
  7.5843859e-01
  4.8747057e-01
  5.4655232e-02
 -1.0658693e-02
  8.8670254e-01
  9.4892280e-03
 -1.2259562e+00
  1.0490670e+00
  1.7580330e-01
 -1.3853434e-01
 -6.2253352e-02
  9.4741568e-02
  2.2505298e-03
 -3.0775023e-01
 -4.7629818e-02
 -1.6509017e-01
  2.9371189e-02
  2.1383028e-01
  1.3166246e-01
  8.5304759e-02
 -1.0294210e-01
 -2.9594660e-02
 -1.9631676e-02
  5.6812409e-03
  6.0511123e-02
 -1.2321638e-02
 -4.9930762e-02
  4.7408957e-02
  5.7154358e-03
 -2.6809345e-03
  9.3133105e-03
  7.9641305e-03
  9.4919033e-02
 -1.0403750e-01
  1.2056810e-01
  1.7757827e-03
 -1.2040753e-02
  6.5830901e-02
  1.3184513e-01
  4.9904972e-02
  1.3698882e-02
  3.1671308e-02
 -7.0624769e-02
  6.3929223e-02
 -9.3191378e-02
  6.9199074e-03
  5.4875510e-03
  1.7015159e-02
  3.3564519e-02
 -1.0572190e+00
  1.6209097e+00
 -9.8516114e-02
 -4.1858083e-01
 -2.8697506e-01
  1.4274527e-01
  1.0891456e-01
  4.8793519e-01
 -1.5803181e+00
  1.9306395e+00
 -4.5952049e-01
  1.1518756e-01
  1.3477551e+00
 -9.8451841e-01
  2.0152752e+00
 -1.9449548e+00
  3.0129583e+00
  2.1264961e+00
 -4.1738155e-01
 -1.9177170e-02
 -7.5689429e-01
  1.0751125e+00
  2.1494002e+00
 -1.6088847e+00
  3.6603779e-01
  5.0328708e-01
 -3.7923399e-02
  5.7601660e-01
 -2.7593598e-01
 -1.1418783e-01
  7.9519123e-02
 -1.7592739e-01
  2.2373546e-02
  6.7351828e-03
  4.7158338e-02
 -1.5094067e-01
 -2.5259674e-02
  2.0429859e-02
 -1.2344190e-01
 -1.9199321e-02
 -3.7907052e-03
  1.5085899e-02
  1.3857374e-01
  1.1095573e-01
  7.9986155e-02
 -3.5728682e-02
 -3.5042742e-01
  4.7129765e-02
 -1.1766833e-02
 -4.7649583e-03
  7.3225945e-03
 -1.7992716e-02
 -1.8913604e-01
 -7.3192380e-03
  3.7864472e-03
  4.1128997e-02
 -8.8001825e-02
  7.1802408e-02
 -1.4351789e-02
 -5.1390413e-02
 -3.0595219e+00
 -1.4277143e+00
  2.4684794e+00
 -6.1116809e-01
 -7.4157047e-01
  1.0599940e+00
 -4.4363853e-01
  6.1873179e-02
  7.0715922e-01
 -3.0084920e-01
 -3.5877127e-02
 -2.9947109e+00
 -4.1966632e-01
  2.2595766e+00
 -1.7137278e+00
 -1.3144971e+00
  5.8347848e-03
 -1.1126512e-01
  1.1128854e+00
  8.9634895e-01
 -6.2027925e-01
  7.1579754e-02
  3.4442538e-01
 -2.7725312e-01
 -1.4044788e-01
 -1.2755398e-02
 -4.6562159e-01
 -4.9040949e-01
  1.2958820e+00
  4.9698077e-02
 -2.2984247e+00
 -1.0770848e+00
  1.8809296e-01
  4.7050777e-01
 -5.5902827e-01
 -1.2968168e+00
  9.6167207e-01
 -2.2910252e+00
  1.4058207e+00
 -2.2511909e+00
 -3.7505133e+00
  1.3871648e+00
 -9.0793020e-01
 -3.6918896e-01
  5.0332446e-02
 -1.6003789e+00
 -9.8719664e-02
 -1.0399992e+00
  7.6149493e-02
  1.9669226e-01
 -2.4298570e+00
  2.1591780e+00
 -4.4705117e-01
  6.1499238e-01
 -1.4278122e+00
 -1.8844882e-03
 -9.7652599e-02
  7.1254438e-03
  5.7550434e-02
 -4.2773741e-01
  3.1330246e-02
  8.8007627e-03
  9.1371179e-02
 -3.6692228e-02
  2.9881707e-01
 -5.0296141e-03
 -4.6360645e-02
  1.2936409e-01
 -1.0925226e-01
 -4.7329567e-02
 -1.5650190e-02
 -3.7096471e-02
 -1.7092006e-01
  2.1268247e-02
 -4.1761532e-02
 -1.5917084e-01
 -6.1943233e-02
  1.4700379e-02
  1.8589444e-02
 -1.1505508e-01
  6.3548841e-02
 -1.0741936e-01
 -2.3341594e-02
 -1.1364902e-01
  7.8957602e-02
 -1.0252975e-01
 -1.0596487e-01
  3.5665758e-02
 -3.9682207e-03
 -1.8502956e-02
 -2.6672885e-01
 -2.4229242e-01
  3.6687255e-01
 -3.3525738e-01
  2.7732041e-01
  3.8207236e-01
 -1.1559801e-02
  2.4931805e+00
  5.8357245e-01
 -3.0350715e-01
  7.4101597e-02
 -1.7859045e-02
  2.1098835e+00
 -3.6014065e-03
  1.4571333e+00
 -5.5067980e-01
 -4.4132465e-01
  2.0357464e-02
  3.5679381e-02
 -9.3118399e-01
  1.1822607e-01
 -3.7243804e-01
  3.5085416e-01
  2.1377063e+00
 -2.2770366e-01
 -3.0348164e-01
 -6.3271463e-01
 -1.3751587e-01
  1.2858015e-01
 -7.2278416e-01
 -9.8994114e-03
 -1.2326548e-01
 -1.1505374e-02
  6.3347295e-02
  3.8415754e-01
 -2.6184985e-02
 -5.2728578e-03
 -1.0490221e-01
 -5.2618988e-02
  2.1710100e-02
  4.3892909e-02
  3.4844121e-01
 -9.2713861e-03
  3.9105296e-02
 -1.1668526e-02
 -1.6212533e-01
 -4.8903499e-02
  2.6474640e-02
  3.2833599e-02
  3.3099022e-02
 -1.0426201e-01
  1.1343423e-01
  9.9920064e-02
  3.5466473e-03
 -2.1173086e-02
  1.5552781e-02
  2.9667256e+00
 -1.2905538e-02
  2.1634080e-02
  5.3364608e-02
  2.1226685e+00
 -1.3396656e-02
  2.4001335e-01
 -1.5071270e+00
  9.7320455e-01
  2.7358177e-01
  8.9264400e-02
 -7.8674674e-01
  9.0501654e-01
 -1.6085128e-01
  1.4959843e+00
  3.1971520e-01
 -1.5221860e-01
 -2.9055092e-01
 -1.4618984e-01
  4.0374973e-01
 -4.7034168e-01
 -1.1030263e+00
  2.5002673e+00
  7.0424938e-01
  4.3055916e-01
 -6.8361080e-01
 -2.7936557e-01
  1.0836048e+00
 -2.6346600e-01
 -1.7633408e-01
  3.9212178e-02
  1.5984941e-02
  4.1294966e-02
 -1.5876047e-02
  6.4541720e-02
 -1.3446315e-02
 -1.2639147e-01
  7.7148356e-02
  3.0761611e-01
  1.2263528e-02
 -7.1453184e-02
  7.3914540e-01
 -7.6144807e-02
  3.2864336e-02
 -1.1487057e-02
 -2.5587603e-01
  9.0789072e-02
  3.0884137e-02
  4.6108328e-02
  1.3378230e-02
 -6.7039274e-02
 -2.8711637e-02
 -1.0604540e-01
 -3.6492276e-01
 -9.2653848e-02
 -1.4464412e-02
 -6.0594134e-02
  9.3141906e-02
 -6.3013083e-01
  7.9188719e-03
 -4.7436297e-02
  3.7436459e-02
  4.7812611e-01
 -5.8649987e-02
 -5.7172859e-01
 -1.2081182e+00
 -1.7420981e+00
  7.3141438e-01
  1.6683317e+00
  9.3463767e-01
 -1.0933503e+00
  1.0045052e+00
 -1.3589529e+00
  1.5838509e+00
 -1.9470947e+00
 -1.8007176e+00
  1.5604343e+00
  1.4278835e+00
 -2.0964446e+00
 -1.0621939e+00
  2.2444808e+00
  2.8345830e+00
  1.4726390e+00
  1.8075566e+00
 -1.9733306e+00
 -4.3314531e-02
  8.7215829e-01
  1.4957390e+00
  6.2861198e-01
  1.7086451e+00
 -2.1620309e+00
  1.2063245e+00
  4.1642365e-01
  8.1650633e-01
  1.3228984e+00
  6.6391778e-01
  2.3100414e+00
 -1.3873389e+00
 -1.2422175e+00
 -1.0868247e+00
  1.4456311e+00
  1.2993451e+00
  1.1844915e+00
 -9.1911197e-01
 -1.4533002e+00
  3.4477615e-01
  1.8667685e+00
 -9.7891146e-01
  1.4276215e-01
  1.6073234e+00
 -4.2252806e-01
  1.8815877e+00
 -9.6235597e-01
 -1.5545665e-01
 -3.4365220e+00
 -1.0323573e+00
 -1.7737409e+00
  1.6746840e+00
  3.4178128e+00
 -1.9850360e+00
 -2.1439176e+00
  4.1514179e-01
 -3.7305069e+00
  1.9249772e+00
 -4.3124061e+00
 -3.0249639e+00
  2.5839455e+00
  1.9906332e+00
 -1.7789506e+00
 -7.1404314e-01
  3.2685664e+00
  3.1916070e+00
  3.4539900e+00
  2.6161060e+00
 -2.6390998e+00
 -3.3586654e-01
  5.4474468e+00
  2.9195364e+00
 -4.3368992e-01
  1.1665452e+00
 -4.3640299e+00
  3.4464905e+00
  1.5345963e+00
  2.1802702e+00
  1.6592790e+00
  1.8500285e+00
  5.5108724e+00
 -3.3704755e+00
  1.5642567e+00
  6.4937252e-01
  2.0101058e+00
  3.7744197e-01
  1.5506469e+00
 -2.7764776e+00
 -1.8984950e+00
  3.1846402e+00
  4.8151665e+00
 -2.4021494e+00
  2.7728283e+00
  3.8217399e+00
  1.0025398e+00
  6.6141863e+00
 -3.6013718e+00
  4.8787183e-01
  1.8084001e+02
 -1.2836646e+00
 -2.0774649e-01
 -4.5158276e-01
  1.5244964e-01
 -5.2229708e-01
  2.5333538e+00
  2.9862518e+00
  7.2958119e-02
  8.0643517e-01
  6.2211561e-01
 -3.3174844e+00
  1.1863047e+00
  8.1296110e-01
 -3.5412243e-01
  8.7318349e-01
  1.8370289e-01
  4.9634540e-01
  3.0910988e+00
  1.1193715e+00
  1.2958299e-01
  7.2313744e-01
  1.2196404e+00
  2.0925896e+00
 -6.8511975e-01
 -1.7729809e+00
  9.3340897e-04
 -1.9174554e+00
 -4.7415677e-01
 -1.0530812e+00
  8.5500956e-01
 -2.1468718e+00
 -3.1621405e-01
  5.9751928e-01
  2.4325011e+00
 -1.4341825e-01
 -2.8268507e-01
 -2.1998839e-01
  1.0661083e+00
  1.9465276e+00
  1.2263240e+00
  3.8018005e+00
  2.4109766e+00
  2.2956526e+00
 -4.1186994e-01
  1.7254020e+00
  6.6509408e-01
  4.0968320e-01
  2.2382648e+00
  6.3546932e-01
 -2.4130143e-02
 -1.3718668e+00
 -2.0105531e+00
 -2.3376940e-01
  1.1848035e+00
  1.6925576e+00
  1.4284165e-01
 -3.2227445e-01
  1.8775376e+00
 -8.9562225e-01
  2.1086130e+00
 -1.6539968e+00
  1.5668453e+00
  2.2290657e+00
  1.3184268e+00
 -1.4622353e+00
 -1.1581726e-01
 -2.9477088e+00
 -1.7171428e+00
 -2.1434522e+00
  4.0623492e-01
  9.9195230e-01
 -2.0036480e+00
 -2.7700095e+00
 -1.0268059e+00
 -2.4275452e-01
  8.2381266e-01
 -1.5093273e+00
  2.3171756e-01
 -2.5305154e+00
  1.6322492e+00
  1.3468158e+00
  6.1878037e-02
 -2.0621808e+00
 -9.1471130e-01
 -1.0759490e+00
 -1.7654910e+00
  2.5862002e-01
 -3.6904618e-01
 -1.2616149e+00
  6.7642003e-01
 -2.4481664e+00
 -6.9281673e-01
  5.1753122e-01
  3.8877238e-02
  2.0947433e-01
 -3.5750917e-01
 -9.4636208e-01
 -3.4708610e-01
  1.6362810e+00
  1.5590974e+00
  3.5735258e-01
 -6.9215953e-01
 -1.8437929e+00
  4.2260373e-01
 -9.9882162e-01
 -1.3517728e+00
 -2.3918426e-01
 -4.4874576e-01
 -1.2234114e+00
 -1.7935336e-01
 -1.4875171e+00
 -1.3573810e-01
  1.3813070e+00
 -1.2964513e+00
  1.3608305e-01
 -4.6428737e-01
  5.4800320e-02
  1.9393234e+00
  1.0719848e-01
 -8.5556042e-01
 -1.5892991e-01
  2.0220988e+00
  9.8237717e-01
 -1.4474930e+00
  3.7676215e+00
 -1.2395960e+00
  1.9184089e-01
  7.9759228e-01
 -4.2621702e-01
 -3.3001609e+00
 -9.6208520e-02
 -8.9484531e-01
  7.9542691e-01
 -1.3053739e+00
  3.0038915e+00
 -1.1282191e+00
  1.3173159e+00
 -5.1266336e-01
  5.9534478e-01
 -7.2423816e-01
  1.8732522e+00
 -1.4659226e+00
 -4.9131098e-01
 -1.0044832e+00
  9.2747398e-02
  2.5430289e-01
 -8.7392187e-01
 -2.0603587e-01
  1.2287290e+00
  2.1759787e+00
  3.4130950e+00
 -3.1141627e-01
  5.1892132e-01
 -2.8915806e+00
 -7.6291120e-01
 -7.0150155e-01
 -1.7831364e-01
 -1.3780797e+00
 -1.2115861e+00
 -1.6293710e-01
  2.0838385e+00
  3.9821198e+00
  8.9461035e-01
 -1.5925536e-01
  7.2413135e-01
  1.4377594e+00
  3.0852965e-01
  6.1976522e-01
  4.8133460e-01
  2.2100563e+00
  1.4767892e+00
 -8.2162553e-03
 -1.3261145e+00
 -5.6059390e-01
  7.9999846e-01
 -4.9245481e+00
  9.2676230e-02
 -2.5517192e+00
 -1.2388800e+00
 -5.6096512e-01
 -1.2139231e+00
 -1.9169911e+00
  9.9802695e-02
  3.4700742e-01
 -7.2767229e+00
  2.6073775e-01
  2.9764276e+00
  2.8277130e+00
  1.9081427e+00
 -1.2965338e+00
 -1.4288143e+00
 -1.1299632e+00
  1.0014204e-01
 -2.6293227e-01
 -7.1100217e-01
  4.9383417e-01
 -9.1918215e-02
  1.4783040e+00
  1.0166376e+00
  4.4777813e+00
  2.4449330e-02
  2.3640900e+00
 -1.7294319e-01
  1.3925134e+00
 -1.1513603e+00
  1.0909263e+00
  4.9785894e-01
 -1.0574139e+00
 -6.0511458e-01
 -4.1780323e-01
  9.6680850e-01
 -1.9975020e-01
 -4.7688067e-01
  5.9226656e-01
  1.9180790e-01
  3.6055416e-01
  2.3647958e-01
 -2.1275697e+00
  4.2269626e-01
  1.2261750e+00
 -4.4880399e-01
 -1.5886161e+00
  1.5727535e+00
 -9.5672685e-01
  1.0329175e+00
  4.7107053e+00
 -9.4817144e-01
  2.2588012e+00
 -1.3205609e+00
  3.6005747e-01
 -9.5878756e-01
  1.1382509e+00
 -1.4119028e+00
 -1.6814221e+00
  1.4441084e+00
 -6.2927268e-02
  3.3344412e-01
 -7.8481573e-01
 -1.7105541e+00
 -1.5149151e-01
 -1.0864171e+00
 -2.6972005e-01
 -8.7620687e-01
 -2.9734656e-01
 -1.1168998e+00
 -7.5309229e-01
  4.0014231e-01
  5.0042640e-02
 -7.4653912e-01
  9.0537190e-01
  4.7986902e-02
  6.7089602e-02
 -1.6012412e+00
  1.9783638e-01
 -3.6013028e-01
 -4.6232095e-01
 -5.1033015e+00
 -1.9408598e+00
 -1.4935249e-02
 -3.0839148e+00
  2.2957270e+00
  3.6842462e-01
 -2.6699334e-01
  2.0959566e+00
  1.0284383e+00
  3.1794863e+00
 -9.8475613e-02
 -1.1222252e-01
  1.1294877e-01
 -1.8577429e-02
  1.8222054e+00
 -7.0610666e-01
 -2.8043168e+00
 -8.5292858e-01
  1.3822768e+00
  2.1650352e+00
 -2.1945741e+00
  1.0156467e-01
 -2.2620211e+00
 -6.1390388e-01
 -2.4003290e-01
 -2.0589283e+00
  9.6899348e-01
 -3.1442552e+00
  1.1015493e+00
 -1.6479683e+00
  7.1406698e-01
 -1.5451617e+00
  1.1708835e+00
  1.2722943e+00
 -9.8544544e-01
 -5.2777338e-01
 -1.7728208e+00
 -2.1648235e+00
 -7.7858889e-01
  1.9417320e+00
  2.5417376e-01
  5.6688374e-01
  2.6200813e-01
  3.0532866e+00
 -2.0355512e-01
 -1.6447363e+00
 -1.7722831e+00
 -1.8841873e+00
 -1.1779106e+00
 -8.2260758e-01
  4.2706542e-02
  4.6245113e-01
 -4.2460889e-01
  3.7800744e-01
 -5.6747371e-01
  2.4532205e-01
  1.7071208e+00
 -2.1274803e+00
  5.5038339e-01
 -1.1796479e+00
  1.4298178e+00
 -1.7411659e+00
 -7.4707758e-01
  3.1539276e-01
  6.0005915e-01
 -8.7894142e-01
  2.3526117e-02
  4.5290232e-01
 -1.8952331e-01
 -1.5515921e+00
 -6.7122614e-01
  4.7931038e-02
  5.9084839e-01
 -2.0307913e+00
  1.1951995e+00
 -1.4704062e+00
 -2.7550358e-02
  4.1054878e+00
 -4.5591229e-01
 -1.1441715e+00
  1.0929878e+00
  1.3367742e-01
  1.8182685e+00
 -1.4921402e+00
  7.4075603e-01
 -2.7770569e+00
  4.4617793e-01
  4.7663479e+00
  1.4866351e-01
 -1.2200419e+00
 -1.8514193e+00
  3.4354246e-01
  5.3145993e-01
 -8.1652576e-01
  5.0353068e-01
 -2.2588477e+00
  3.3884466e-01
  8.0211841e-02
  1.5176545e+00
 -1.0771129e+00
  2.5059217e-01
 -2.6774263e-01
 -1.4351681e-01
  9.2703086e-01
  8.9951931e-03
  8.9951931e-03
  8.9951931e-03
  8.9951931e-03
  8.9951931e-03
  3.6378145e-02
  3.6378145e-02
  3.6378145e-02
  3.6378145e-02
  3.6378145e-02
  1.3973023e-02
  1.3973023e-02
  1.3973023e-02
  1.3973023e-02
  1.3973023e-02
  8.6655859e-03
  8.6655859e-03
  8.6655859e-03
  8.6655859e-03
  8.6655859e-03
  8.3903121e-03
  8.3903121e-03
  8.3903121e-03
  8.3903121e-03
  8.3903121e-03
  4.3309634e-03
  4.3309634e-03
  4.3309634e-03
  4.3309634e-03
  4.3309634e-03
