# Time-averaged data for fix rdfave
# TimeStep Number-of-rows
# Row c_myrdf[1] c_myrdf[2] c_myrdf[3]
500000 500
1 0.006 0 0
2 0.018 0 0
3 0.03 0 0
4 0.042 0 0
5 0.054 0 0
6 0.066 0 0
7 0.078 0 0
8 0.09 0 0
9 0.102 0 0
10 0.114 0 0
11 0.126 0 0
12 0.138 0 0
13 0.15 0 0
14 0.162 0 0
15 0.174 0 0
16 0.186 0 0
17 0.198 0 0
18 0.21 0 0
19 0.222 0 0
20 0.234 0 0
21 0.246 0 0
22 0.258 0 0
23 0.27 0 0
24 0.282 0 0
25 0.294 0 0
26 0.306 0 0
27 0.318 0 0
28 0.33 0 0
29 0.342 0 0
30 0.354 0 0
31 0.366 0 0
32 0.378 0 0
33 0.39 0 0
34 0.402 0 0
35 0.414 0 0
36 0.426 0 0
37 0.438 0 0
38 0.45 0 0
39 0.462 0 0
40 0.474 0 0
41 0.486 0 0
42 0.498 0 0
43 0.51 0 0
44 0.522 0 0
45 0.534 0 0
46 0.546 0 0
47 0.558 0 0
48 0.57 0 0
49 0.582 0 0
50 0.594 0 0
51 0.606 0 0
52 0.618 0 0
53 0.63 0 0
54 0.642 0 0
55 0.654 0 0
56 0.666 0 0
57 0.678 0 0
58 0.69 0 0
59 0.702 0 0
60 0.714 0 0
61 0.726 0 0
62 0.738 0 0
63 0.75 0 0
64 0.762 0 0
65 0.774 0 0
66 0.786 0 0
67 0.798 0 0
68 0.81 0 0
69 0.822 0 0
70 0.834 0 0
71 0.846 0 0
72 0.858 0 0
73 0.87 0 0
74 0.882 0 0
75 0.894 0 0
76 0.906 0 0
77 0.918 0 0
78 0.93 0 0
79 0.942 0 0
80 0.954 0 0
81 0.966 0 0
82 0.978 0 0
83 0.99 0 0
84 1.002 0 0
85 1.014 0 0
86 1.026 0 0
87 1.038 0 0
88 1.05 0 0
89 1.062 0 0
90 1.074 0 0
91 1.086 0 0
92 1.098 0 0
93 1.11 0 0
94 1.122 0 0
95 1.134 0 0
96 1.146 0 0
97 1.158 0 0
98 1.17 0 0
99 1.182 0 0
100 1.194 0 0
101 1.206 0 0
102 1.218 0 0
103 1.23 0 0
104 1.242 0 0
105 1.254 0 0
106 1.266 0 0
107 1.278 0 0
108 1.29 0 0
109 1.302 0 0
110 1.314 0 0
111 1.326 0 0
112 1.338 0 0
113 1.35 0 0
114 1.362 0 0
115 1.374 0 0
116 1.386 8.26298e-06 4e-07
117 1.398 1.62435e-05 1.2e-06
118 1.41 0.000119761 7.2e-06
119 1.422 0.000612292 3.84e-05
120 1.434 0.00291781 0.0001896
121 1.446 0.0133686 0.000894
122 1.458 0.0522319 0.003692
123 1.47 0.158577 0.0123272
124 1.482 0.421206 0.0356396
125 1.494 0.956698 0.0894508
126 1.506 1.86206 0.195875
127 1.518 3.19071 0.381154
128 1.53 4.78663 0.663518
129 1.542 6.3817 1.0459
130 1.554 7.60267 1.50857
131 1.566 8.12769 2.01085
132 1.578 7.83368 2.50241
133 1.59 6.87635 2.94048
134 1.602 5.49354 3.29576
135 1.614 4.04893 3.56156
136 1.626 2.73567 3.74382
137 1.638 1.7066 3.85921
138 1.65 0.992008 3.92727
139 1.662 0.535624 3.96455
140 1.674 0.270378 3.98364
141 1.686 0.129433 3.99291
142 1.698 0.0575149 3.99709
143 1.71 0.0237873 3.99885
144 1.722 0.00959794 3.99956
145 1.734 0.00365319 3.99984
146 1.746 0.00140585 3.99995
147 1.758 0.000400609 3.99998
148 1.77 0.000177331 3.99999
149 1.782 5.49847e-05 4
150 1.794 2.95918e-05 4
151 1.806 9.73327e-06 4
152 1.818 0 4
153 1.83 0 4
154 1.842 0 4
155 1.854 0 4
156 1.866 0 4
157 1.878 0 4
158 1.89 0 4
159 1.902 0 4
160 1.914 0 4
161 1.926 0 4
162 1.938 0 4
163 1.95 0 4
164 1.962 0 4
165 1.974 0 4
166 1.986 0 4
167 1.998 0 4
168 2.01 0 4
169 2.022 0 4
170 2.034 0 4
171 2.046 0 4
172 2.058 0 4
173 2.07 0 4
174 2.082 0 4
175 2.094 0 4
176 2.106 0 4
177 2.118 0 4
178 2.13 0 4
179 2.142 0 4
180 2.154 0 4
181 2.166 0 4
182 2.178 0 4
183 2.19 0 4
184 2.202 0 4
185 2.214 0 4
186 2.226 0 4
187 2.238 0 4
188 2.25 0 4
189 2.262 0 4
190 2.274 0 4
191 2.286 0 4
192 2.298 0 4
193 2.31 0 4
194 2.322 0 4
195 2.334 0 4
196 2.346 2.30727e-05 4
197 2.358 2.85481e-05 4.00001
198 2.37 0.000163907 4.00003
199 2.382 0.000489575 4.0001
200 2.394 0.00175869 4.00035
201 2.406 0.00576377 4.0012
202 2.418 0.0165961 4.00364
203 2.43 0.0441313 4.01021
204 2.442 0.110291 4.02678
205 2.454 0.247477 4.06434
206 2.466 0.513242 4.14299
207 2.478 0.964413 4.29222
208 2.49 1.67834 4.55444
209 2.502 2.66603 4.97501
210 2.514 3.90279 5.59659
211 2.526 5.26675 6.44344
212 2.538 6.57155 7.51015
213 2.55 7.56771 8.7502
214 2.562 8.04715 10.0813
215 2.574 7.90979 11.4019
216 2.586 7.19242 12.6139
217 2.598 6.05407 13.6437
218 2.61 4.72654 14.455
219 2.622 3.41125 15.046
220 2.634 2.29128 15.4466
221 2.646 1.4297 15.6989
222 2.658 0.827376 15.8462
223 2.67 0.445804 15.9262
224 2.682 0.223545 15.9668
225 2.694 0.10462 15.9859
226 2.706 0.0463379 15.9944
227 2.718 0.018689 15.9979
228 2.73 0.00735422 15.9993
229 2.742 0.00243844 15.9998
230 2.754 0.000820396 15.9999
231 2.766 0.000265565 16
232 2.778 0.000119297 16
233 2.79 0.000146821 16
234 2.802 0.000307307 16.0001
235 2.814 0.000908061 16.0003
236 2.826 0.0023652 16.0007
237 2.838 0.00641886 16.002
238 2.85 0.0162768 16.0054
239 2.862 0.0370503 16.013
240 2.874 0.0801802 16.0297
241 2.886 0.163836 16.0641
242 2.898 0.313537 16.1305
243 2.91 0.560378 16.25
244 2.922 0.939832 16.4523
245 2.934 1.46723 16.7705
246 2.946 2.15342 17.2415
247 2.958 2.95983 17.8941
248 2.97 3.80909 18.7408
249 2.982 4.56627 19.764
250 2.994 5.13824 20.9247
251 3.006 5.41196 22.1571
252 3.018 5.32515 23.3793
253 3.03 4.90159 24.5133
254 3.042 4.21981 25.4974
255 3.054 3.3937 26.295
256 3.066 2.55425 26.9001
257 3.078 1.80069 27.33
258 3.09 1.18311 27.6146
259 3.102 0.727913 27.7911
260 3.114 0.419034 27.8935
261 3.126 0.224973 27.9489
262 3.138 0.11343 27.9771
263 3.15 0.053018 27.9903
264 3.162 0.0232361 27.9962
265 3.174 0.00944742 27.9986
266 3.186 0.00363265 27.9995
267 3.198 0.00128355 27.9998
268 3.21 0.000439036 28
269 3.222 0.000151373 28
270 3.234 2.42832e-05 28
271 3.246 1.5065e-06 28
272 3.258 1.49542e-06 28
273 3.27 1.48446e-06 28
274 3.282 0 28
275 3.294 0 28
276 3.306 0 28
277 3.318 0 28
278 3.33 0 28
279 3.342 0 28
280 3.354 0 28
281 3.366 0 28
282 3.378 1.39106e-06 28
283 3.39 5.52492e-06 28
284 3.402 3.56591e-05 28
285 3.414 0.000111674 28
286 3.426 0.000309689 28.0001
287 3.438 0.000815159 28.0004
288 3.45 0.00203241 28.001
289 3.462 0.00484192 28.0025
290 3.474 0.0106548 28.0057
291 3.486 0.0229226 28.0127
292 3.498 0.0464768 28.027
293 3.51 0.0879167 28.0543
294 3.522 0.155388 28.1029
295 3.534 0.261151 28.1851
296 3.546 0.409822 28.315
297 3.558 0.606786 28.5085
298 3.57 0.846482 28.7804
299 3.582 1.11121 29.1397
300 3.594 1.37075 29.5859
301 3.606 1.59296 30.1078
302 3.618 1.73918 30.6815
303 3.63 1.7833 31.2737
304 3.642 1.72131 31.849
305 3.654 1.56504 32.3756
306 3.666 1.33874 32.829
307 3.678 1.07541 33.1956
308 3.69 0.813071 33.4746
309 3.702 0.57701 33.6739
310 3.714 0.385648 33.8079
311 3.726 0.241873 33.8925
312 3.738 0.144092 33.9433
313 3.75 0.0801637 33.9717
314 3.762 0.0422923 33.9867
315 3.774 0.0218767 33.9946
316 3.786 0.0127019 33.9992
317 3.798 0.0129937 34.0039
318 3.81 0.0229087 34.0123
319 3.822 0.0486574 34.0302
320 3.834 0.100806 34.0675
321 3.846 0.193568 34.1397
322 3.858 0.350519 34.2712
323 3.87 0.58938 34.4936
324 3.882 0.920588 34.8432
325 3.894 1.34149 35.3558
326 3.906 1.82219 36.0564
327 3.918 2.31186 36.9507
328 3.93 2.7345 38.015
329 3.942 3.02522 39.1996
330 3.954 3.13037 40.4329
331 3.966 3.03019 41.6339
332 3.978 2.74625 42.7291
333 3.99 2.33184 43.6646
334 4.002 1.85608 44.4137
335 4.014 1.38542 44.9762
336 4.026 0.972581 45.3734
337 4.038 0.639712 45.6363
338 4.05 0.396174 45.8
339 4.062 0.230864 45.896
340 4.074 0.125868 45.9487
341 4.086 0.0652513 45.9761
342 4.098 0.0313559 45.9894
343 4.11 0.0144157 45.9955
344 4.122 0.00625181 45.9982
345 4.134 0.00261552 45.9993
346 4.146 0.000987154 45.9998
347 4.158 0.000358064 45.9999
348 4.17 0.000136926 46
349 4.182 3.53966e-05 46
350 4.194 1.53411e-05 46
351 4.206 2.06374e-05 46
352 4.218 6.60213e-05 46
353 4.23 0.000215571 46.0001
354 4.242 0.000577784 46.0004
355 4.254 0.00161745 46.0011
356 4.266 0.00413517 46.003
357 4.278 0.0106178 46.0079
358 4.29 0.0249137 46.0195
359 4.302 0.0541084 46.0447
360 4.314 0.111998 46.0972
361 4.326 0.216622 46.1994
362 4.338 0.391143 46.3849
363 4.35 0.666148 46.7025
364 4.362 1.06581 47.2136
365 4.374 1.59911 47.9845
366 4.386 2.25239 49.0764
367 4.398 2.97426 50.5261
368 4.41 3.69284 52.3359
369 4.422 4.29884 54.4542
370 4.434 4.70039 56.7829
371 4.446 4.82301 59.1854
372 4.458 4.65081 61.5145
373 4.47 4.20752 63.6331
374 4.482 3.57173 65.4412
375 4.494 2.85099 66.8921
376 4.506 2.13911 67.9866
377 4.518 1.50847 68.7625
378 4.53 0.999305 69.2793
379 4.542 0.626605 69.605
380 4.554 0.37708 69.8021
381 4.566 0.22824 69.922
382 4.578 0.161196 70.0072
383 4.59 0.159747 70.092
384 4.602 0.221253 70.2101
385 4.614 0.345563 70.3954
386 4.626 0.544246 70.6889
387 4.638 0.818132 71.1324
388 4.65 1.16576 71.7676
389 4.662 1.56099 72.6226
390 4.674 1.97427 73.7094
391 4.686 2.34914 75.0093
392 4.698 2.63228 76.4734
393 4.71 2.77936 78.0271
394 4.722 2.76237 79.5792
395 4.734 2.58877 81.0412
396 4.746 2.27798 82.3342
397 4.758 1.89153 83.4133
398 4.77 1.47883 84.2612
399 4.782 1.08681 84.8875
400 4.794 0.753896 85.3241
401 4.806 0.491417 85.6102
402 4.818 0.301819 85.7867
403 4.83 0.174773 85.8894
404 4.842 0.095262 85.9457
405 4.854 0.0490224 85.9748
406 4.866 0.0236443 85.9889
407 4.878 0.0108335 85.9954
408 4.89 0.00456241 85.9982
409 4.902 0.00186479 85.9993
410 4.914 0.000803279 85.9998
411 4.926 0.000389219 86
412 4.938 0.000456984 86.0003
413 4.95 0.00107927 86.001
414 4.962 0.00280119 86.0027
415 4.974 0.00669815 86.0069
416 4.986 0.0149658 86.0163
417 4.998 0.0317789 86.0363
418 5.01 0.0637653 86.0766
419 5.022 0.118278 86.1518
420 5.034 0.207926 86.2846
421 5.046 0.341951 86.504
422 5.058 0.526205 86.8432
423 5.07 0.760237 87.3357
424 5.082 1.02974 88.0058
425 5.094 1.30634 88.8601
426 5.106 1.55432 89.8812
427 5.118 1.7353 91.0267
428 5.13 1.81725 92.2318
429 5.142 1.78545 93.4214
430 5.154 1.64513 94.5227
431 5.166 1.42276 95.4795
432 5.178 1.1566 96.261
433 5.19 0.884448 96.8613
434 5.202 0.640713 97.2982
435 5.214 0.446875 97.6044
436 5.226 0.314633 97.8209
437 5.238 0.249876 97.9937
438 5.25 0.257706 98.1727
439 5.262 0.345709 98.4139
440 5.274 0.519874 98.7783
441 5.286 0.788406 99.3334
442 5.298 1.14937 100.146
443 5.31 1.59224 101.278
444 5.322 2.07234 102.757
445 5.334 2.54084 104.579
446 5.346 2.93774 106.694
447 5.358 3.18976 109.002
448 5.37 3.25904 111.37
449 5.382 3.13305 113.657
450 5.394 2.8325 115.734
451 5.406 2.40845 117.508
452 5.418 1.92497 118.931
453 5.43 1.44879 120.008
454 5.442 1.02336 120.772
455 5.454 0.680505 121.282
456 5.466 0.42572 121.602
457 5.478 0.250284 121.792
458 5.49 0.138458 121.897
459 5.502 0.0719513 121.952
460 5.514 0.0354812 121.979
461 5.526 0.0163158 121.991
462 5.538 0.00780789 121.997
463 5.55 0.00486156 122.001
464 5.562 0.00606435 122.006
465 5.574 0.0116683 122.015
466 5.586 0.0242539 122.034
467 5.598 0.0492838 122.073
468 5.61 0.09499 122.148
469 5.622 0.172874 122.286
470 5.634 0.297487 122.524
471 5.646 0.482612 122.912
472 5.658 0.737994 123.507
473 5.67 1.06289 124.368
474 5.682 1.44715 125.546
475 5.694 1.85602 127.062
476 5.706 2.2458 128.904
477 5.718 2.56071 131.014
478 5.73 2.75192 133.291
479 5.742 2.79171 135.611
480 5.754 2.66794 137.837
481 5.766 2.40406 139.851
482 5.778 2.04565 141.572
483 5.79 1.64296 142.96
484 5.802 1.24929 144.019
485 5.814 0.907557 144.793
486 5.826 0.642122 145.342
487 5.838 0.468324 145.744
488 5.85 0.383981 146.075
489 5.862 0.385262 146.409
490 5.874 0.460096 146.809
491 5.886 0.594204 147.328
492 5.898 0.767348 148
493 5.91 0.954035 148.84
494 5.922 1.12669 149.836
495 5.934 1.25388 150.948
496 5.946 1.31504 152.12
497 5.958 1.2992 153.282
498 5.97 1.20726 154.366
499 5.982 1.05922 155.321
500 5.994 0.87281 156.112
