# Time-averaged data for fix rdfave
# TimeStep Number-of-rows
# Row c_myrdf[1] c_myrdf[2] c_myrdf[3]
500000 500
1 0.006 0 0
2 0.018 0 0
3 0.03 0 0
4 0.042 0 0
5 0.054 0 0
6 0.066 0 0
7 0.078 0 0
8 0.09 0 0
9 0.102 0 0
10 0.114 0 0
11 0.126 0 0
12 0.138 0 0
13 0.15 0 0
14 0.162 0 0
15 0.174 0 0
16 0.186 0 0
17 0.198 0 0
18 0.21 0 0
19 0.222 0 0
20 0.234 0 0
21 0.246 0 0
22 0.258 0 0
23 0.27 0 0
24 0.282 0 0
25 0.294 0 0
26 0.306 0 0
27 0.318 0 0
28 0.33 0 0
29 0.342 0 0
30 0.354 0 0
31 0.366 0 0
32 0.378 0 0
33 0.39 0 0
34 0.402 0 0
35 0.414 0 0
36 0.426 0 0
37 0.438 0 0
38 0.45 0 0
39 0.462 0 0
40 0.474 0 0
41 0.486 0 0
42 0.498 0 0
43 0.51 0 0
44 0.522 0 0
45 0.534 0 0
46 0.546 0 0
47 0.558 0 0
48 0.57 0 0
49 0.582 0 0
50 0.594 0 0
51 0.606 0 0
52 0.618 0 0
53 0.63 0 0
54 0.642 0 0
55 0.654 0 0
56 0.666 0 0
57 0.678 0 0
58 0.69 0 0
59 0.702 0 0
60 0.714 0 0
61 0.726 0 0
62 0.738 0 0
63 0.75 0 0
64 0.762 0 0
65 0.774 0 0
66 0.786 0 0
67 0.798 0 0
68 0.81 0 0
69 0.822 0 0
70 0.834 0 0
71 0.846 0 0
72 0.858 0 0
73 0.87 0 0
74 0.882 0 0
75 0.894 0 0
76 0.906 0 0
77 0.918 0 0
78 0.93 0 0
79 0.942 0 0
80 0.954 0 0
81 0.966 0 0
82 0.978 0 0
83 0.99 0 0
84 1.002 0 0
85 1.014 0 0
86 1.026 0 0
87 1.038 0 0
88 1.05 0 0
89 1.062 0 0
90 1.074 0 0
91 1.086 0 0
92 1.098 0 0
93 1.11 0 0
94 1.122 0 0
95 1.134 0 0
96 1.146 0 0
97 1.158 0 0
98 1.17 0 0
99 1.182 0 0
100 1.194 3.13947e-05 6.08e-07
101 1.206 0.000458356 9.664e-06
102 1.218 0.00367117 8.3648e-05
103 1.23 0.0190644 0.000475456
104 1.242 0.0632969 0.00180182
105 1.254 0.141595 0.00482653
106 1.266 0.238273 0.0100143
107 1.278 0.325288 0.0172315
108 1.29 0.393443 0.0261255
109 1.302 0.471636 0.0369865
110 1.314 0.594763 0.0509364
111 1.326 0.791495 0.0698413
112 1.338 1.04667 0.0952955
113 1.35 1.35798 0.128916
114 1.362 1.74301 0.172839
115 1.374 2.27288 0.231128
116 1.386 3.02791 0.310142
117 1.398 4.04066 0.417419
118 1.41 5.24686 0.559121
119 1.422 6.46272 0.736643
120 1.434 7.45708 0.944951
121 1.446 8.03359 1.17313
122 1.458 8.10492 1.40718
123 1.47 7.71946 1.63378
124 1.482 6.98214 1.8421
125 1.494 6.06464 2.02598
126 1.506 5.10441 2.18325
127 1.518 4.20631 2.31491
128 1.53 3.41278 2.42344
129 1.542 2.75324 2.51237
130 1.554 2.2161 2.58507
131 1.566 1.78617 2.64457
132 1.578 1.4461 2.69349
133 1.59 1.17729 2.73392
134 1.602 0.964573 2.76755
135 1.614 0.797806 2.79578
136 1.626 0.666873 2.81973
137 1.638 0.562839 2.84024
138 1.65 0.479684 2.85798
139 1.662 0.41475 2.87355
140 1.674 0.355959 2.8871
141 1.686 0.310129 2.89907
142 1.698 0.269629 2.90963
143 1.71 0.231531 2.91883
144 1.722 0.201201 2.92693
145 1.734 0.172662 2.93399
146 1.746 0.149895 2.94019
147 1.758 0.129916 2.94565
148 1.77 0.114054 2.9505
149 1.782 0.100793 2.95485
150 1.794 0.0923898 2.95889
151 1.806 0.0862224 2.96271
152 1.818 0.083445 2.96646
153 1.83 0.0835177 2.97026
154 1.842 0.0881178 2.97432
155 1.854 0.094004 2.97871
156 1.866 0.102895 2.98357
157 1.878 0.112301 2.98895
158 1.89 0.123433 2.99494
159 1.902 0.133186 3.00149
160 1.914 0.141934 3.00855
161 1.926 0.148018 3.01601
162 1.938 0.151617 3.02375
163 1.95 0.151598 3.03158
164 1.962 0.149201 3.03938
165 1.974 0.143839 3.04699
166 1.986 0.135472 3.05425
167 1.998 0.127035 3.06114
168 2.01 0.117254 3.06757
169 2.022 0.10893 3.07362
170 2.034 0.100504 3.07927
171 2.046 0.0935566 3.08459
172 2.058 0.0875881 3.08963
173 2.07 0.0834749 3.09449
174 2.082 0.0819851 3.09932
175 2.094 0.0831121 3.10427
176 2.106 0.0874274 3.10954
177 2.118 0.096669 3.11543
178 2.13 0.111064 3.12227
179 2.142 0.129723 3.13036
180 2.154 0.153526 3.14003
181 2.166 0.180403 3.15153
182 2.178 0.208088 3.16494
183 2.19 0.235208 3.18026
184 2.202 0.259557 3.19736
185 2.214 0.280433 3.21603
186 2.226 0.298481 3.23613
187 2.238 0.314663 3.25754
188 2.25 0.33205 3.28037
189 2.262 0.353179 3.30492
190 2.274 0.376371 3.33136
191 2.286 0.405207 3.36012
192 2.298 0.439025 3.39162
193 2.31 0.479829 3.4264
194 2.322 0.528372 3.4651
195 2.334 0.585507 3.50842
196 2.346 0.654084 3.55733
197 2.358 0.735571 3.61288
198 2.37 0.830884 3.67628
199 2.382 0.942433 3.74892
200 2.394 1.07135 3.83233
201 2.406 1.21511 3.92788
202 2.418 1.3708 4.03676
203 2.43 1.5382 4.16014
204 2.442 1.70382 4.29817
205 2.454 1.86627 4.45084
206 2.466 2.01297 4.61713
207 2.478 2.14182 4.79578
208 2.49 2.24076 4.98451
209 2.502 2.30684 5.18068
210 2.514 2.34556 5.38205
211 2.526 2.36235 5.58682
212 2.538 2.35157 5.79258
213 2.55 2.31364 5.99695
214 2.562 2.26185 6.19863
215 2.574 2.19204 6.39592
216 2.586 2.11295 6.58786
217 2.598 2.0302 6.77401
218 2.61 1.94428 6.95393
219 2.622 1.86 7.12763
220 2.634 1.77513 7.29493
221 2.646 1.68925 7.4556
222 2.658 1.60174 7.60932
223 2.67 1.5114 7.75568
224 2.682 1.41877 7.89432
225 2.694 1.32868 8.02531
226 2.706 1.24346 8.149
227 2.718 1.16084 8.26549
228 2.73 1.08743 8.37559
229 2.742 1.02261 8.48003
230 2.754 0.965329 8.57949
231 2.766 0.916441 8.67473
232 2.778 0.875514 8.76652
233 2.79 0.841891 8.85554
234 2.802 0.814266 8.94238
235 2.814 0.790823 9.02745
236 2.826 0.772568 9.11126
237 2.838 0.756183 9.194
238 2.85 0.74346 9.27603
239 2.862 0.732822 9.35757
240 2.874 0.722117 9.4386
241 2.886 0.711916 9.51915
242 2.898 0.702322 9.59927
243 2.91 0.692781 9.67896
244 2.922 0.682899 9.75817
245 2.934 0.673849 9.83697
246 2.946 0.664222 9.91528
247 2.958 0.654367 9.99305
248 2.97 0.645342 10.0704
249 2.982 0.637001 10.1473
250 2.994 0.630336 10.2241
251 3.006 0.624426 10.3007
252 3.018 0.618177 10.3772
253 3.03 0.615268 10.454
254 3.042 0.612287 10.5309
255 3.054 0.610352 10.6083
256 3.066 0.611455 10.6863
257 3.078 0.613238 10.7653
258 3.09 0.616897 10.8453
259 3.102 0.621046 10.9264
260 3.114 0.627417 11.0091
261 3.126 0.635049 11.0934
262 3.138 0.644037 11.1795
263 3.15 0.652744 11.2675
264 3.162 0.662947 11.3576
265 3.174 0.674214 11.4498
266 3.186 0.686299 11.5445
267 3.198 0.699599 11.6417
268 3.21 0.712893 11.7414
269 3.222 0.726421 11.8439
270 3.234 0.74144 11.9492
271 3.246 0.75603 12.0574
272 3.258 0.7718 12.1687
273 3.27 0.786444 12.283
274 3.282 0.801819 12.4003
275 3.294 0.81671 12.5207
276 3.306 0.831828 12.6442
277 3.318 0.845468 12.7706
278 3.33 0.857471 12.8998
279 3.342 0.86884 13.0316
280 3.354 0.877451 13.1657
281 3.366 0.885458 13.302
282 3.378 0.891571 13.4402
283 3.39 0.895275 13.5799
284 3.402 0.89893 13.7213
285 3.414 0.902041 13.8641
286 3.426 0.904529 14.0083
287 3.438 0.907733 14.154
288 3.45 0.911788 14.3015
289 3.462 0.916643 14.4507
290 3.474 0.922061 14.6019
291 3.486 0.929547 14.7553
292 3.498 0.93813 14.9113
293 3.51 0.947472 15.0698
294 3.522 0.959215 15.2315
295 3.534 0.969904 15.396
296 3.546 0.983158 15.5639
297 3.558 0.995396 15.7351
298 3.57 1.00822 15.9097
299 3.582 1.02043 16.0875
300 3.594 1.03366 16.2689
301 3.606 1.04364 16.4532
302 3.618 1.0556 16.641
303 3.63 1.06661 16.8319
304 3.642 1.07749 17.026
305 3.654 1.08974 17.2237
306 3.666 1.10171 17.4248
307 3.678 1.115 17.6297
308 3.69 1.1289 17.8385
309 3.702 1.14353 18.0514
310 3.714 1.15716 18.2682
311 3.726 1.17286 18.4894
312 3.738 1.18679 18.7147
313 3.75 1.19914 18.9437
314 3.762 1.21024 19.1764
315 3.774 1.21982 19.4124
316 3.786 1.22727 19.6514
317 3.798 1.23009 19.8924
318 3.81 1.2315 20.1353
319 3.822 1.22832 20.379
320 3.834 1.22125 20.6229
321 3.846 1.21311 20.8666
322 3.858 1.19961 21.1092
323 3.87 1.18321 21.3499
324 3.882 1.1642 21.5882
325 3.894 1.14341 21.8238
326 3.906 1.11959 22.0558
327 3.918 1.09595 22.2843
328 3.93 1.06991 22.5088
329 3.942 1.04525 22.7294
330 3.954 1.01996 22.9461
331 3.966 0.996093 23.1589
332 3.978 0.973559 23.3682
333 3.99 0.953845 23.5745
334 4.002 0.933051 23.7775
335 4.014 0.915495 23.9778
336 4.026 0.900774 24.1762
337 4.038 0.885842 24.3724
338 4.05 0.874337 24.5672
339 4.062 0.866458 24.7614
340 4.074 0.858159 24.9549
341 4.086 0.853345 25.1484
342 4.098 0.849932 25.3423
343 4.11 0.848231 25.537
344 4.122 0.848119 25.7327
345 4.134 0.850424 25.9301
346 4.146 0.85335 26.1294
347 4.158 0.857068 26.3307
348 4.17 0.861783 26.5343
349 4.182 0.86834 26.7406
350 4.194 0.874237 26.9494
351 4.206 0.881275 27.1612
352 4.218 0.888018 27.3758
353 4.23 0.895097 27.5934
354 4.242 0.902283 27.814
355 4.254 0.908811 28.0374
356 4.266 0.915151 28.2636
357 4.278 0.921838 28.4928
358 4.29 0.927735 28.7247
359 4.302 0.932745 28.9592
360 4.314 0.937396 29.1962
361 4.326 0.941599 29.4356
362 4.338 0.94548 29.6773
363 4.35 0.947788 29.9209
364 4.362 0.951246 30.1668
365 4.374 0.952727 30.4144
366 4.386 0.954606 30.6638
367 4.398 0.956211 30.9151
368 4.41 0.957432 31.168
369 4.422 0.959104 31.4228
370 4.434 0.961335 31.6795
371 4.446 0.961476 31.9377
372 4.458 0.961453 32.1973
373 4.47 0.962597 32.4586
374 4.482 0.963605 32.7215
375 4.494 0.964316 32.9861
376 4.506 0.966362 33.2526
377 4.518 0.966993 33.5207
378 4.53 0.969271 33.7909
379 4.542 0.97118 34.0631
380 4.554 0.974095 34.3375
381 4.566 0.977462 34.6143
382 4.578 0.981429 34.8938
383 4.59 0.984657 35.1756
384 4.602 0.989801 35.4603
385 4.614 0.994531 35.7479
386 4.626 0.999854 36.0386
387 4.638 1.00494 36.3322
388 4.65 1.01069 36.6291
389 4.662 1.01737 36.9295
390 4.674 1.02312 37.2331
391 4.686 1.02834 37.5399
392 4.698 1.03529 37.8503
393 4.71 1.03999 38.1637
394 4.722 1.04544 38.4803
395 4.734 1.0507 38.8002
396 4.746 1.05606 39.1233
397 4.758 1.06057 39.4495
398 4.77 1.06365 39.7782
399 4.782 1.06748 40.1098
400 4.794 1.07038 40.444
401 4.806 1.07268 40.7806
402 4.818 1.07544 41.1197
403 4.83 1.07639 41.4608
404 4.842 1.07803 41.8041
405 4.854 1.07929 42.1496
406 4.866 1.08088 42.4972
407 4.878 1.082 42.847
408 4.89 1.08249 43.1986
409 4.902 1.08333 43.5522
410 4.914 1.08379 43.9077
411 4.926 1.08455 44.2652
412 4.938 1.08542 44.6248
413 4.95 1.08506 44.9859
414 4.962 1.08447 45.3486
415 4.974 1.08332 45.7127
416 4.986 1.08299 46.0785
417 4.998 1.08023 46.445
418 5.01 1.07701 46.8122
419 5.022 1.07409 47.1802
420 5.034 1.07001 47.5486
421 5.046 1.06549 47.9171
422 5.058 1.06069 48.2857
423 5.07 1.05441 48.6539
424 5.082 1.04831 49.0217
425 5.094 1.04242 49.3891
426 5.106 1.03682 49.7563
427 5.118 1.03055 50.123
428 5.13 1.02442 50.4893
429 5.142 1.01827 50.855
430 5.154 1.01234 51.2203
431 5.166 1.00602 51.585
432 5.178 0.999864 51.9492
433 5.19 0.994394 52.313
434 5.202 0.989471 52.6767
435 5.214 0.983508 53.04
436 5.226 0.978133 53.4028
437 5.238 0.973652 53.7657
438 5.25 0.96971 54.1288
439 5.262 0.96582 54.4921
440 5.274 0.962109 54.8556
441 5.286 0.958999 55.2196
442 5.298 0.95564 55.584
443 5.31 0.95299 55.949
444 5.322 0.951493 56.3151
445 5.334 0.948956 56.6819
446 5.346 0.947628 57.0498
447 5.358 0.946392 57.4188
448 5.37 0.945061 57.789
449 5.382 0.944993 58.1609
450 5.394 0.945332 58.5345
451 5.406 0.945844 58.91
452 5.418 0.945739 59.2871
453 5.43 0.947216 59.6665
454 5.442 0.948458 60.0481
455 5.454 0.950034 60.432
456 5.466 0.951417 60.8181
457 5.478 0.953686 61.2069
458 5.49 0.955163 61.598
459 5.502 0.957797 61.9918
460 5.514 0.959268 62.388
461 5.526 0.96204 62.7871
462 5.538 0.964325 63.1888
463 5.55 0.966782 63.5934
464 5.562 0.969886 64.001
465 5.574 0.97234 64.4113
466 5.586 0.974638 64.8245
467 5.598 0.977205 65.2405
468 5.61 0.979807 65.6594
469 5.622 0.981992 66.081
470 5.634 0.984533 66.5055
471 5.646 0.987595 66.9332
472 5.658 0.989316 67.3634
473 5.67 0.992138 67.7967
474 5.682 0.99418 68.2327
475 5.694 0.996397 68.6715
476 5.706 0.998136 69.113
477 5.718 0.99972 69.557
478 5.73 1.00125 70.0036
479 5.742 1.00324 70.4529
480 5.754 1.00532 70.905
481 5.766 1.0058 71.3593
482 5.778 1.00724 71.8161
483 5.79 1.00799 72.2751
484 5.802 1.00843 72.7363
485 5.814 1.00905 73.1996
486 5.826 1.01048 73.6655
487 5.838 1.01048 74.1334
488 5.85 1.01116 74.6034
489 5.862 1.0115 75.0756
490 5.874 1.01224 75.55
491 5.886 1.01221 76.0264
492 5.898 1.01241 76.5048
493 5.91 1.01167 76.9848
494 5.922 1.01173 77.4668
495 5.934 1.01166 77.9507
496 5.946 1.01146 78.4365
497 5.958 1.01182 78.9244
498 5.97 1.01161 79.4142
499 5.982 1.01129 79.9058
500 5.994 1.01056 80.399
