# Time-averaged data for fix rdfave
# TimeStep Number-of-rows
# Row c_myrdf[1] c_myrdf[2] c_myrdf[3]
500000 500
1 0.006 0 0
2 0.018 0 0
3 0.03 0 0
4 0.042 0 0
5 0.054 0 0
6 0.066 0 0
7 0.078 0 0
8 0.09 0 0
9 0.102 0 0
10 0.114 0 0
11 0.126 0 0
12 0.138 0 0
13 0.15 0 0
14 0.162 0 0
15 0.174 0 0
16 0.186 0 0
17 0.198 0 0
18 0.21 0 0
19 0.222 0 0
20 0.234 0 0
21 0.246 0 0
22 0.258 0 0
23 0.27 0 0
24 0.282 0 0
25 0.294 0 0
26 0.306 0 0
27 0.318 0 0
28 0.33 0 0
29 0.342 0 0
30 0.354 0 0
31 0.366 0 0
32 0.378 0 0
33 0.39 0 0
34 0.402 0 0
35 0.414 0 0
36 0.426 0 0
37 0.438 0 0
38 0.45 0 0
39 0.462 0 0
40 0.474 0 0
41 0.486 0 0
42 0.498 0 0
43 0.51 0 0
44 0.522 0 0
45 0.534 0 0
46 0.546 0 0
47 0.558 0 0
48 0.57 0 0
49 0.582 0 0
50 0.594 0 0
51 0.606 0 0
52 0.618 0 0
53 0.63 0 0
54 0.642 0 0
55 0.654 0 0
56 0.666 0 0
57 0.678 0 0
58 0.69 0 0
59 0.702 0 0
60 0.714 0 0
61 0.726 0 0
62 0.738 0 0
63 0.75 0 0
64 0.762 0 0
65 0.774 0 0
66 0.786 0 0
67 0.798 0 0
68 0.81 0 0
69 0.822 0 0
70 0.834 0 0
71 0.846 0 0
72 0.858 0 0
73 0.87 0 0
74 0.882 0 0
75 0.894 0 0
76 0.906 0 0
77 0.918 0 0
78 0.93 0 0
79 0.942 0 0
80 0.954 0 0
81 0.966 0 0
82 0.978 0 0
83 0.99 0 0
84 1.002 0 0
85 1.014 0 0
86 1.026 0 0
87 1.038 0 0
88 1.05 0 0
89 1.062 0 0
90 1.074 0 0
91 1.086 0 0
92 1.098 0 0
93 1.11 0 0
94 1.122 0 0
95 1.134 0 0
96 1.146 0 0
97 1.158 0 0
98 1.17 0 0
99 1.182 0 0
100 1.194 0 0
101 1.206 0 0
102 1.218 0 0
103 1.23 0 0
104 1.242 0 0
105 1.254 0 0
106 1.266 0 0
107 1.278 0 0
108 1.29 0 0
109 1.302 0 0
110 1.314 0 0
111 1.326 0 0
112 1.338 0.0163861 8e-05
113 1.35 0.0869187 0.000512
114 1.362 0.60092 0.003552
115 1.374 2.47375 0.016288
116 1.386 7.71784 0.05672
117 1.398 19.6687 0.161552
118 1.41 39.2359 0.37428
119 1.422 62.4309 0.718552
120 1.434 81.1297 1.17352
121 1.446 88.8534 1.68018
122 1.458 80.2388 2.14534
123 1.47 61.1273 2.50556
124 1.482 39.8329 2.74414
125 1.494 22.7383 2.88255
126 1.506 11.1065 2.95125
127 1.518 4.85412 2.98175
128 1.53 1.93612 2.99411
129 1.542 0.625499 2.99817
130 1.554 0.200433 2.99949
131 1.566 0.0526328 2.99984
132 1.578 0.0188492 2.99997
133 1.59 0.00464145 3
134 1.602 0 3
135 1.614 0 3
136 1.626 0 3
137 1.638 0 3
138 1.65 0 3
139 1.662 0 3
140 1.674 0 3
141 1.686 0 3
142 1.698 0 3
143 1.71 0 3
144 1.722 0 3
145 1.734 0 3
146 1.746 0 3
147 1.758 0 3
148 1.77 0 3
149 1.782 0 3
150 1.794 0 3
151 1.806 0 3
152 1.818 0 3
153 1.83 0 3
154 1.842 0 3
155 1.854 0 3
156 1.866 0 3
157 1.878 0 3
158 1.89 0 3
159 1.902 0 3
160 1.914 0 3
161 1.926 0 3
162 1.938 0 3
163 1.95 0 3
164 1.962 0 3
165 1.974 0 3
166 1.986 0 3
167 1.998 0 3
168 2.01 0 3
169 2.022 0 3
170 2.034 0 3
171 2.046 0 3
172 2.058 0 3
173 2.07 0 3
174 2.082 0 3
175 2.094 0 3
176 2.106 0 3
177 2.118 0 3
178 2.13 0 3
179 2.142 0 3
180 2.154 0 3
181 2.166 0 3
182 2.178 0 3
183 2.19 0 3
184 2.202 0 3
185 2.214 0 3
186 2.226 0 3
187 2.238 0 3
188 2.25 0 3
189 2.262 0 3
190 2.274 0 3
191 2.286 0 3
192 2.298 0 3
193 2.31 0 3
194 2.322 0.000544082 3.00001
195 2.334 0.000538502 3.00002
196 2.346 0.00319804 3.00006
197 2.358 0.019521 3.00036
198 2.37 0.0631942 3.00133
199 2.382 0.210943 3.00459
200 2.394 0.510824 3.01258
201 2.406 1.34189 3.03376
202 2.418 3.02196 3.08194
203 2.43 5.99978 3.17856
204 2.442 10.9542 3.3567
205 2.454 17.7006 3.6474
206 2.466 26.154 4.08114
207 2.478 34.7704 4.66339
208 2.49 41.4523 5.36428
209 2.502 44.2427 6.11958
210 2.514 42.8902 6.85882
211 2.526 37.7129 7.51506
212 2.538 30.1256 8.04426
213 2.55 21.8436 8.43161
214 2.562 14.3247 8.68802
215 2.574 8.47759 8.8412
216 2.586 4.62571 8.92556
217 2.598 2.28611 8.96764
218 2.61 1.04945 8.98714
219 2.622 0.435235 8.9953
220 2.634 0.156444 8.99826
221 2.646 0.0611733 8.99942
222 2.658 0.0191002 8.99979
223 2.67 0.00617245 8.99991
224 2.682 0.00326258 8.99998
225 2.694 0.00282938 9.00003
226 2.706 0.000801242 9.00005
227 2.718 0.00317673 9.00011
228 2.73 0.0106274 9.00033
229 2.742 0.0277021 9.0009
230 2.754 0.0947605 9.00286
231 2.766 0.207818 9.00719
232 2.778 0.465271 9.01698
233 2.79 0.903712 9.03617
234 2.802 1.65597 9.07162
235 2.814 2.87625 9.13374
236 2.826 4.48755 9.23147
237 2.838 6.62408 9.37697
238 2.85 8.98313 9.57595
239 2.862 11.401 9.83062
240 2.874 13.3445 10.1312
241 2.886 14.4954 10.4605
242 2.898 14.4116 10.7905
243 2.91 13.2475 11.0965
244 2.922 11.5275 11.3649
245 2.934 9.05953 11.5776
246 2.946 6.70332 11.7362
247 2.958 4.54255 11.8446
248 2.97 2.92291 11.9149
249 2.982 1.71281 11.9564
250 2.994 0.935948 11.9793
251 3.006 0.457427 11.9906
252 3.018 0.21772 11.996
253 3.03 0.0990525 11.9985
254 3.042 0.036773 11.9994
255 3.054 0.0163551 11.9998
256 3.066 0.00312065 11.9999
257 3.078 0.00216745 12
258 3.09 0.000921708 12
259 3.102 0.000304864 12
260 3.114 0 12
261 3.126 0 12
262 3.138 0 12
263 3.15 0 12
264 3.162 0 12
265 3.174 0 12
266 3.186 0 12
267 3.198 0 12
268 3.21 0 12
269 3.222 0 12
270 3.234 0 12
271 3.246 0 12
272 3.258 0 12
273 3.27 0 12
274 3.282 0 12
275 3.294 0 12
276 3.306 0 12
277 3.318 0 12
278 3.33 0 12
279 3.342 0 12
280 3.354 0 12
281 3.366 0 12
282 3.378 0 12
283 3.39 0 12
284 3.402 0 12
285 3.414 0 12
286 3.426 0 12
287 3.438 0 12
288 3.45 0 12
289 3.462 0 12
290 3.474 0 12
291 3.486 0 12
292 3.498 0 12
293 3.51 0 12
294 3.522 0 12
295 3.534 0 12
296 3.546 0 12
297 3.558 0 12
298 3.57 0 12
299 3.582 0 12
300 3.594 0 12
301 3.606 0 12
302 3.618 0 12
303 3.63 0 12
304 3.642 0.00110581 12
305 3.654 0.00373509 12.0002
306 3.666 0.00851273 12.0005
307 3.678 0.0268898 12.0015
308 3.69 0.0749749 12.0043
309 3.702 0.194572 12.0115
310 3.714 0.454688 12.0286
311 3.726 1.01805 12.0672
312 3.738 1.90149 12.1396
313 3.75 3.36857 12.2688
314 3.762 5.44269 12.4789
315 3.774 8.14247 12.7952
316 3.786 11.1919 13.2326
317 3.798 14.0776 13.7864
318 3.81 16.1581 14.4261
319 3.822 17.318 15.116
320 3.834 16.8455 15.7913
321 3.846 15.2625 16.4069
322 3.858 12.5604 16.9168
323 3.87 9.52887 17.3059
324 3.882 6.803 17.5855
325 3.894 4.38522 17.7669
326 3.906 2.65687 17.8774
327 3.918 1.49899 17.9402
328 3.93 0.766007 17.9724
329 3.942 0.371519 17.9882
330 3.954 0.164744 17.9952
331 3.966 0.0744144 17.9984
332 3.978 0.0261384 17.9995
333 3.99 0.00700208 17.9998
334 4.002 0.00366324 18
335 4.014 0.000182068 18
336 4.026 0.000180985 18
337 4.038 0.000179911 18
338 4.05 0 18
339 4.062 0 18
340 4.074 0 18
341 4.086 0 18
342 4.098 0 18
343 4.11 0 18
344 4.122 0 18
345 4.134 0.000514956 18
346 4.146 0.00255989 18.0001
347 4.158 0.00593866 18.0004
348 4.17 0.0136648 18.0011
349 4.182 0.0278439 18.0024
350 4.194 0.0848888 18.0065
351 4.206 0.175277 18.0149
352 4.218 0.365216 18.0326
353 4.23 0.745968 18.069
354 4.242 1.32978 18.1343
355 4.254 2.268 18.2462
356 4.266 3.57834 18.4238
357 4.278 5.25977 18.6863
358 4.29 7.21231 19.0483
359 4.302 9.29834 19.5176
360 4.314 10.9651 20.0741
361 4.326 12.151 20.6943
362 4.338 12.5341 21.3375
363 4.35 12.0231 21.9579
364 4.362 10.6072 22.5083
365 4.374 8.77027 22.9659
366 4.386 6.84118 23.3248
367 4.398 4.8984 23.5832
368 4.41 3.30653 23.7586
369 4.422 2.04209 23.8675
370 4.434 1.18398 23.9309
371 4.446 0.645862 23.9658
372 4.458 0.336841 23.984
373 4.47 0.165022 23.993
374 4.482 0.0733077 23.997
375 4.494 0.0351511 23.999
376 4.506 0.0117029 23.9996
377 4.518 0.00517368 23.9999
378 4.53 0.00157248 24
379 4.542 0.000284397 24
380 4.554 0.00014145 24
381 4.566 0 24
382 4.578 0 24
383 4.59 0 24
384 4.602 0 24
385 4.614 0 24
386 4.626 0 24
387 4.638 0 24
388 4.65 0 24
389 4.662 0 24
390 4.674 0 24
391 4.686 0 24
392 4.698 0 24
393 4.71 0 24
394 4.722 0 24
395 4.734 0 24
396 4.746 0 24
397 4.758 0 24
398 4.77 0 24
399 4.782 0 24
400 4.794 0 24
401 4.806 0 24
402 4.818 0.00101099 24.0001
403 4.83 0.00251493 24.0002
404 4.842 0.00925916 24.0008
405 4.854 0.0226601 24.0023
406 4.866 0.0532738 24.0057
407 4.878 0.123777 24.0137
408 4.89 0.280077 24.032
409 4.902 0.555462 24.0684
410 4.914 1.01743 24.1354
411 4.926 1.73348 24.2501
412 4.938 2.76126 24.4337
413 4.95 4.13405 24.71
414 4.962 5.61388 25.0869
415 4.974 7.20745 25.5732
416 4.986 8.50479 26.1498
417 4.998 9.46243 26.7944
418 5.01 9.52106 27.4461
419 5.022 9.03222 28.0674
420 5.034 7.95118 28.6168
421 5.046 6.4425 29.0642
422 5.058 4.86594 29.4037
423 5.07 3.50004 29.649
424 5.082 2.39937 29.818
425 5.094 1.71644 29.9395
426 5.106 1.38455 30.0379
427 5.118 1.52668 30.147
428 5.13 1.9953 30.2902
429 5.142 2.82389 30.4938
430 5.154 3.92989 30.7785
431 5.166 5.17739 31.1553
432 5.178 6.42008 31.6247
433 5.19 7.56848 32.1807
434 5.202 8.25373 32.7898
435 5.214 8.39663 33.4123
436 5.226 7.93159 34.003
437 5.238 7.07853 34.5327
438 5.25 5.89802 34.976
439 5.262 4.5662 35.3208
440 5.274 3.33629 35.5739
441 5.286 2.28441 35.7479
442 5.298 1.41885 35.8565
443 5.31 0.865613 35.9231
444 5.322 0.499939 35.9617
445 5.334 0.255393 35.9815
446 5.346 0.132 35.9918
447 5.358 0.061004 35.9966
448 5.37 0.026958 35.9987
449 5.382 0.0105326 35.9996
450 5.394 0.0036297 35.9998
451 5.406 0.00110416 35.9999
452 5.418 0.000699535 36
453 5.43 9.94924e-05 36
454 5.442 0 36
455 5.454 0 36
456 5.466 9.81862e-05 36
457 5.478 0 36
458 5.49 0 36
459 5.502 0 36
460 5.514 0 36
461 5.526 0 36
462 5.538 0 36
463 5.55 0 36
464 5.562 0.000189652 36
465 5.574 0.000188836 36
466 5.586 0.000470065 36.0001
467 5.598 0.00121693 36.0002
468 5.61 0.00307594 36.0004
469 5.622 0.00742502 36.0011
470 5.634 0.0200547 36.0028
471 5.646 0.0443563 36.0067
472 5.658 0.101074 36.0155
473 5.67 0.187332 36.0319
474 5.682 0.340464 36.0619
475 5.694 0.591109 36.1142
476 5.706 0.92533 36.1963
477 5.718 1.34673 36.3164
478 5.73 1.89309 36.4859
479 5.742 2.42027 36.7035
480 5.754 2.89148 36.9646
481 5.766 3.25216 37.2595
482 5.778 3.36344 37.5657
483 5.79 3.34899 37.8719
484 5.802 3.06631 38.1534
485 5.814 2.63077 38.3959
486 5.826 2.09844 38.5901
487 5.838 1.57916 38.7369
488 5.85 1.10218 38.8397
489 5.862 0.728962 38.9081
490 5.874 0.446271 38.95
491 5.886 0.249534 38.9736
492 5.898 0.14471 38.9874
493 5.91 0.0692057 38.9939
494 5.922 0.0357175 38.9974
495 5.934 0.016412 38.9989
496 5.946 0.00688681 38.9996
497 5.958 0.00280975 38.9999
498 5.97 0.000576155 38.9999
499 5.982 0.000573845 39
500 5.994 0.0001633 39
